accession	Mut_L0_1	Mut_L0_2	Mut_L3_1	Mut_L3_2	URT1_L12_1_2019	URT1_L12_2_2019	URT1_L17_1_2019	URT1_L17_2_2019
AT1G01080.2	0	0	1	1	0	1	1	1
AT1G01090.1	1	2	2	2	1	2	1	2
AT1G01100.1	0	1	0	1	0	2	0	0
AT1G01300.1	11	11	10	9	8	10	9	14
AT1G01320.1	1	1	1	0	2	1	0	1
AT1G01510.1	1	1	1	0	1	0	1	2
AT1G01610.1	7	7	3	4	0	0	4	5
AT1G01620.1	9	6	7	5	10	11	17	7
AT1G01730.1	0	1	1	0	0	0	0	0
AT1G01750.1	0	0	3	0	0	2	1	2
AT1G01930.1	0	0	0	0	1	0	0	0
AT1G01960.1	1	0	0	0	0	0	0	0
AT1G02050.1	0	1	0	0	0	0	0	0
AT1G02080.1	9	13	16	14	15	10	14	14
AT1G02140.1	0	0	0	1	0	0	1	0
AT1G02190.1	1	2	2	2	1	1	1	2
AT1G02280.1	2	0	2	2	3	3	4	3
AT1G02780.1	7	10	8	8	6	5	7	9
AT1G02813.1	0	1	0	0	0	0	1	2
AT1G02840.1	2	5	1	3	0	0	3	3
AT1G03230.1	0	1	1	1	1	0	0	1
AT1G03475.1	0	0	0	0	0	0	1	0
AT1G03630.1	5	3	2	3	6	4	7	4
AT1G03860.1	1	0	1	0	0	0	0	0
AT1G03900.1	0	0	0	0	0	1	0	0
AT1G04080.3	0	1	1	0	0	0	1	0
AT1G04170.1	3	1	2	0	3	3	1	1
AT1G04270.1	8	9	6	5	8	7	9	6
AT1G04410.1	0	2	1	3	0	1	4	0
AT1G04480.1-AT2G33370.1-AT3G04400.1	7	12	5	7	8	9	9	8
AT1G04630.1	2	2	2	2	2	2	2	2
AT1G04690.1	4	4	4	4	5	5	4	4
AT1G04710.1	1	1	1	1	2	0	2	2
AT1G04750.1	3	3	2	2	2	0	4	1
AT1G04820.1-AT1G50010.1	58	54	54	63	49	56	76	67
AT1G04850.1	1	0	0	0	0	0	0	0
AT1G05190.1	2	1	5	4	2	0	6	3
AT1G05520.1	0	0	1	0	0	0	0	1
AT1G06190.1	0	0	1	0	0	0	0	0
AT1G06220.2	0	4	3	3	2	2	4	3
AT1G06290.1	0	0	0	0	0	1	0	0
AT1G06390.1	0	0	0	0	0	0	0	1
AT1G06410.1	0	0	2	1	0	2	4	1
AT1G06430.1	0	1	0	2	0	1	2	1
AT1G06530.1	1	0	1	0	0	0	0	0
AT1G06680.1	0	0	0	0	0	1	0	0
AT1G06700.1	2	1	1	0	1	0	0	1
AT1G06950.1	12	9	7	13	11	9	9	6
AT1G07070.1	0	3	3	4	3	3	4	3
AT1G07360.1	1	0	1	0	2	1	1	0
AT1G07660.1-AT1G07820.1-AT2G28740.1-AT3G45930....	12	15	15	19	19	15	9	14
AT1G07670.1	1	2	0	2	0	0	0	1
AT1G07720.1	0	0	0	1	0	0	0	0
AT1G07750.1	0	1	0	1	0	0	2	0
AT1G07770.1-AT5G59850.1	3	4	6	3	4	3	11	6
AT1G07890.3	8	7	8	11	4	8	8	8
AT1G07920.1-AT1G07930.1-AT1G07940.1-AT5G60390....	86	77	70	61	77	80	70	68
AT1G07990.1	1	0	0	0	1	1	1	0
AT1G08130.1	1	0	0	0	0	0	1	0
AT1G08360.1	13	13	8	9	14	11	8	12
AT1G08480.1	0	0	0	0	0	0	1	0
AT1G08520.1	0	0	0	0	1	0	0	0
AT1G08880.1	2	5	2	4	3	2	2	3
AT1G09020.1	0	1	1	1	1	1	1	0
AT1G09140.1	0	0	0	0	0	0	1	0
AT1G09200.1-AT3G27360.1-AT5G10390.1-AT5G10400....	0	2	1	2	2	2	2	1
AT1G09210.1	0	0	1	0	0	0	0	0
AT1G09270.1	1	1	1	0	0	0	2	2
AT1G09310.1	3	2	1	0	0	0	0	0
AT1G09340.1	1	2	2	2	1	2	1	3
AT1G09430.1	2	0	3	2	0	1	5	2
AT1G09590.1-AT1G09690.1	4	3	3	1	3	4	3	3
AT1G09620.1	4	3	4	4	2	3	5	3
AT1G09630.1	0	0	0	0	0	0	2	0
AT1G09640.1	12	16	12	11	7	8	18	14
AT1G10170.1	0	1	0	1	3	1	2	2
AT1G10200.1	0	1	1	2	1	0	0	1
AT1G10270.1	1	0	0	1	1	1	1	0
AT1G10290.1	23	22	17	25	16	18	25	26
AT1G10630.1	11	8	10	8	4	6	10	9
AT1G10670.3	5	3	5	4	2	3	9	6
AT1G10760.1	0	1	0	0	0	0	0	0
AT1G10840.1	3	6	1	1	3	3	3	4
AT1G10870.1	0	1	0	0	0	0	0	0
AT1G11630.1	0	0	0	0	0	0	1	0
AT1G11650.2	5	5	7	5	4	7	4	7
AT1G11750.2	0	0	0	0	0	0	0	1
AT1G11840.6	1	1	1	0	0	0	1	0
AT1G11860.1	2	0	2	4	2	4	1	3
AT1G12000.1	4	4	3	3	3	3	3	4
AT1G12270.1	1	0	0	1	0	1	1	1
AT1G12310.1	4	5	3	5	1	2	3	3
AT1G12840.1	2	1	1	0	0	1	0	0
AT1G12900.1	36	38	32	31	28	28	39	29
AT1G12920.1	2	3	3	3	2	1	4	3
AT1G13020.1	0	0	0	0	3	1	2	0
AT1G13190.1	1	1	1	0	3	3	1	3
AT1G13320.1	1	0	0	1	0	1	2	1
AT1G13440.1	65	64	62	54	59	63	62	54
AT1G13690.1	1	2	1	1	1	0	2	2
AT1G13930.1	3	3	4	2	1	2	4	2
AT1G13980.1	2	1	0	0	0	0	0	1
AT1G14320.1	9	9	7	9	11	11	14	10
AT1G14410.1	2	2	1	3	2	3	3	4
AT1G14510.1	0	0	1	1	0	0	1	1
AT1G14610.1	0	2	2	0	2	0	2	2
AT1G14710.1	5	5	4	9	6	5	7	10
AT1G14790.1	2	2	2	2	2	2	1	3
AT1G14810.1	0	0	2	1	0	3	2	0
AT1G14830.1	4	6	7	7	7	5	6	7
AT1G14840.1	0	1	1	0	1	1	1	2
AT1G14850.1	0	0	0	0	1	2	0	2
AT1G15130.1	0	0	0	0	0	1	0	0
AT1G15140.1	0	0	1	0	0	0	0	0
AT1G15690.1	9	8	3	4	5	4	7	8
AT1G15710.1	0	1	1	2	0	2	0	3
AT1G15750.1	0	2	0	0	0	0	0	0
AT1G15820.1	7	12	11	12	6	9	13	13
AT1G15930.2	5	7	3	5	5	5	3	4
AT1G16460.2	1	2	1	2	0	3	1	2
AT1G17040.2	1	0	0	0	0	0	0	0
AT1G17100.1	0	0	0	0	1	0	0	1
AT1G17220.1	0	0	0	0	0	0	1	0
AT1G17370.1	4	4	6	5	4	4	6	6
AT1G17580.1	0	1	0	1	1	1	3	2
AT1G17745.2	1	2	3	2	0	0	3	2
AT1G17840.1	0	0	1	0	0	0	0	1
AT1G17880.1	0	0	0	0	0	2	0	0
AT1G18070.3	0	0	1	0	0	1	1	0
AT1G18080.1	9	6	3	5	2	8	3	6
AT1G18150.2	0	0	1	0	0	0	0	0
AT1G18210.1	1	3	3	2	1	2	3	4
AT1G18250.2	1	1	1	0	1	1	2	2
AT1G18450.1	5	4	3	3	4	3	3	3
AT1G18500.1	1	0	1	0	0	0	2	3
AT1G18540.1	13	14	13	9	12	11	11	13
AT1G18660.4	0	0	1	0	0	0	0	0
AT1G19550.1	3	2	2	0	1	2	1	2
AT1G19870.1	0	1	1	1	1	1	1	1
AT1G19920.1	1	0	1	0	0	0	0	0
AT1G20010.1	45	56	30	35	41	42	45	42
AT1G20020.1	1	0	0	0	0	0	2	0
AT1G20110.1	0	0	0	1	0	0	0	0
AT1G20130.1	4	5	4	5	5	4	5	8
AT1G20200.1	4	2	3	3	3	3	3	3
AT1G20220.1	1	1	0	1	1	1	0	2
AT1G20260.1	7	9	7	7	3	5	9	8
AT1G20270.1	0	0	0	1	0	0	0	0
AT1G20330.1	0	0	1	0	0	0	1	0
AT1G20340.1	2	2	3	2	1	3	2	0
AT1G20450.1	0	1	0	0	0	0	0	0
AT1G20510.1	0	0	0	0	1	0	0	0
AT1G20620.1	28	22	23	19	25	27	24	20
AT1G20630.1	7	7	5	9	7	5	9	6
AT1G20693.1	4	4	3	2	4	3	1	3
AT1G20760.1	1	1	0	1	1	1	0	1
AT1G20950.1	0	3	0	2	0	1	0	3
AT1G20960.1	2	4	1	1	1	0	3	1
AT1G21440.1	0	1	0	0	0	0	0	0
AT1G21500.1	0	0	1	0	2	0	0	0
AT1G21540.1	0	0	0	0	0	0	1	0
AT1G21600.1	0	1	0	0	0	0	0	0
AT1G21630.2	1	1	0	0	1	1	1	0
AT1G21750.1	2	3	1	1	0	2	2	0
AT1G22020.1	0	0	0	0	0	0	0	1
AT1G22300.1	3	1	1	3	0	1	1	3
AT1G22410.1	5	3	3	5	5	4	4	4
AT1G22760.1	5	1	3	1	2	3	5	3
AT1G22780.1-AT1G34030.1-AT4G09800.1	13	17	13	14	19	16	17	16
AT1G23190.1	0	1	0	0	0	1	0	1
AT1G23230.1	1	1	1	0	0	0	1	1
AT1G23240.1	0	0	0	1	0	0	0	0
AT1G23310.1	9	10	7	9	8	8	7	6
AT1G23900.1	4	2	1	2	2	1	0	1
AT1G24020.1	16	23	18	21	10	14	22	17
AT1G24180.1	2	1	1	0	3	2	2	3
AT1G24260.2	0	0	0	0	0	0	1	0
AT1G24300.1	5	3	4	3	6	3	3	8
AT1G24360.1	3	1	1	1	2	0	0	2
AT1G24510.1	9	9	8	9	7	5	8	5
AT1G25490.1	6	2	3	2	3	5	7	4
AT1G26110.1	6	2	5	4	31	35	21	27
AT1G26460.1	4	3	2	2	4	3	6	3
AT1G26550.1	2	1	1	2	2	1	1	0
AT1G26630.1	8	10	7	9	12	11	14	11
AT1G26850.1	0	1	1	0	0	0	0	0
AT1G26880.1	3	4	3	3	3	3	4	3
AT1G27090.1	1	2	2	2	12	7	8	6
AT1G27310.1	0	0	0	0	0	0	1	0
AT1G27400.1	4	3	3	0	6	4	5	3
AT1G27430.1	6	5	6	3	9	6	5	14
AT1G27650.1	0	0	0	0	0	1	1	0
AT1G27750.1	0	0	0	0	0	0	1	0
AT1G27752.1	0	0	0	1	0	1	1	1
AT1G28200.1	1	0	0	0	0	0	0	0
AT1G28290.1	4	2	2	2	4	4	2	3
AT1G29150.1	2	0	0	1	0	1	0	0
AT1G29250.1	1	3	4	2	8	10	5	4
AT1G29350.1	2	0	1	0	1	1	2	0
AT1G29670.1	0	1	1	1	0	0	0	0
AT1G29790.1	0	0	0	1	0	0	1	0
AT1G29880.1	5	5	6	6	4	5	5	5
AT1G29900.1	0	2	0	0	0	0	0	0
AT1G29910.1-AT1G29920.1	27	45	29	43	33	33	46	38
AT1G29990.1	0	0	0	0	2	1	0	0
AT1G30070.2	0	1	0	0	0	0	0	0
AT1G30120.1	2	2	2	2	1	2	1	1
AT1G30230.2	5	7	3	4	4	4	5	4
AT1G30350.1	0	0	0	0	0	0	1	0
AT1G30380.1	1	2	1	2	0	1	1	1
AT1G30460.1	0	0	0	0	0	0	1	0
AT1G30630.1	0	0	0	0	2	1	2	0
AT1G30820.1	0	0	0	0	0	1	0	0
AT1G31230.1	0	0	0	0	0	1	0	0
AT1G31280.1	0	0	0	0	1	1	0	2
AT1G31330.1	15	14	16	13	18	15	19	16
AT1G31812.1	1	1	1	0	0	0	0	1
AT1G31850.1	0	0	1	0	1	0	0	0
AT1G32060.1	2	0	2	0	1	1	2	2
AT1G32380.1	2	1	1	0	1	1	0	2
AT1G32470.1	1	2	1	0	0	2	1	0
AT1G32580.1	0	0	0	0	1	0	1	2
AT1G32790.2	2	4	3	3	2	2	5	5
AT1G32990.1	0	2	2	1	2	2	3	2
AT1G33040.1	0	0	0	0	0	1	0	0
AT1G33120.1-AT1G33140.1	19	9	10	13	12	13	8	10
AT1G33170.1	0	0	1	0	0	1	0	0
AT1G33430.2	2	1	2	1	2	1	2	3
AT1G33680.1	2	2	0	2	7	10	3	2
AT1G34360.1	0	0	0	0	0	0	1	0
AT1G34430.1	6	3	4	5	2	2	3	5
AT1G35160.2	11	12	17	13	4	10	10	14
AT1G35620.1	0	0	0	0	0	0	1	1
AT1G35670.1	1	0	0	1	0	0	1	1
AT1G35680.1	2	2	4	3	4	1	5	1
AT1G35780.1	0	1	0	0	0	0	0	0
AT1G36160.1	18	24	9	11	11	10	12	11
AT1G36730.1	0	0	0	0	0	0	1	0
AT1G41830.1	0	0	1	0	0	1	1	0
AT1G42430.1	4	6	5	6	2	0	0	3
AT1G42970.1	29	34	31	31	24	26	31	25
AT1G43170.1	52	45	37	43	35	38	37	44
AT1G43190.1	1	1	3	4	3	2	2	3
AT1G43850.1	0	0	0	0	0	0	0	2
AT1G44575.1	3	0	4	3	2	3	3	3
AT1G45000.1	3	3	3	2	0	1	4	2
AT1G47128.1	16	15	15	11	12	13	16	17
AT1G47200.1	0	3	0	0	0	0	0	0
AT1G47490.1	0	1	1	2	1	3	1	1
AT1G47550.2	1	3	2	3	0	0	3	2
AT1G48030.1	1	0	0	0	1	0	0	0
AT1G48090.1	1	1	1	1	1	1	1	0
AT1G48110.1	0	0	3	0	2	1	2	0
AT1G48210.1	0	0	0	1	0	0	0	0
AT1G48410.2	4	2	3	2	6	9	14	10
AT1G48440.1	0	1	0	0	0	0	0	0
AT1G48480.1	1	0	1	2	1	0	2	0
AT1G48600.2	0	0	1	1	0	1	0	1
AT1G48630.1	3	3	3	2	1	4	3	5
AT1G48760.1	0	0	0	0	0	0	1	0
AT1G48830.1	0	0	1	0	0	0	0	1
AT1G48850.1	7	8	15	16	12	10	15	15
AT1G48860.1	3	2	2	2	1	1	2	1
AT1G48900.1	2	0	0	0	0	1	0	0
AT1G48920.1	19	28	32	37	7	5	25	33
AT1G49040.1	0	0	0	0	1	0	0	1
AT1G49240.1	41	44	42	42	45	36	40	44
AT1G49430.1	6	10	5	7	3	4	7	6
AT1G49600.1	0	2	0	1	1	4	2	3
AT1G49670.2	1	0	0	0	0	0	3	0
AT1G49760.1	18	10	15	10	18	21	17	18
AT1G50030.1	0	0	0	0	0	0	0	2
AT1G50200.1	4	6	4	5	3	2	4	5
AT1G50370.1	3	0	0	0	0	0	2	2
AT1G50430.1	0	1	0	0	0	0	1	0
AT1G50480.1	1	0	1	1	0	0	1	0
AT1G50920.1	0	0	1	0	0	0	1	0
AT1G51420.1	2	0	0	0	0	2	1	2
AT1G51570.1	1	1	6	4	2	1	2	7
AT1G51660.1	0	0	0	0	0	1	0	1
AT1G51690.3	0	1	1	0	0	0	2	1
AT1G52030.2	23	27	16	20	29	24	20	16
AT1G52040.1	14	23	7	13	14	8	14	9
AT1G52300.1	2	1	3	0	0	3	4	1
AT1G52360.2	7	8	7	8	5	4	8	6
AT1G52400.1	57	74	33	42	66	65	59	47
AT1G52410.2	0	0	0	1	1	0	0	0
AT1G52570.1	0	0	1	0	0	0	1	1
AT1G52730.2	10	8	8	7	7	10	9	9
AT1G52760.1	0	0	0	0	0	0	1	0
AT1G53070.1	1	2	0	1	1	2	2	0
AT1G53210.1	0	0	0	1	1	1	0	0
AT1G53240.1	4	5	4	4	3	3	3	2
AT1G53280.1	1	0	1	0	1	0	0	1
AT1G53310.1	1	1	1	2	0	0	2	2
AT1G53500.1	5	5	3	0	1	2	3	4
AT1G53750.1	4	4	3	3	0	0	1	0
AT1G53850.1	0	0	2	1	0	1	0	0
AT1G54000.1	0	0	0	0	0	1	0	0
AT1G54010.1	2	1	1	0	1	1	1	1
AT1G54020.2	2	1	1	1	1	0	0	1
AT1G54270.1	46	46	42	50	42	44	55	50
AT1G54410.1	0	2	2	4	1	1	5	4
AT1G54490.1	0	0	1	0	2	1	2	2
AT1G54520.1	0	0	0	0	1	2	0	0
AT1G54780.1	1	2	2	2	3	2	0	1
AT1G55210.1	1	0	0	0	0	0	0	0
AT1G55320.1	1	2	1	1	1	2	3	2
AT1G55480.1	0	0	1	0	0	0	0	0
AT1G55490.1	31	33	25	17	38	44	26	20
AT1G55500.2	0	2	0	1	2	0	6	3
AT1G55570.1	0	0	1	0	0	0	0	0
AT1G55670.1	2	3	2	2	1	1	4	3
AT1G55860.1	0	2	1	0	0	0	1	0
AT1G56070.1	67	57	62	66	52	55	68	59
AT1G56110.1	7	6	8	5	5	5	7	6
AT1G56190.1	10	8	11	10	5	8	14	10
AT1G56340.1	0	0	0	0	0	1	0	0
AT1G56360.1	0	0	0	0	1	1	0	1
AT1G56450.1	0	0	0	1	0	0	0	1
AT1G56580.1	0	0	0	0	0	1	0	0
AT1G57720.1	19	23	16	16	10	15	20	16
AT1G58380.1	15	16	6	13	16	16	17	18
AT1G59610.1	23	22	16	17	17	21	22	21
AT1G60070.2	10	14	6	10	3	7	5	7
AT1G60200.1	1	0	0	0	1	0	0	0
AT1G60420.1	2	0	0	0	0	0	0	0
AT1G60550.1	0	0	0	0	0	1	0	0
AT1G60780.1	13	11	11	7	10	9	7	8
AT1G61520.1	8	10	9	10	13	11	13	11
AT1G61790.1	0	2	1	2	1	2	1	2
AT1G62020.1	13	11	13	13	9	7	16	11
AT1G62640.1	3	1	2	2	1	2	2	2
AT1G62750.1	1	0	0	0	1	0	4	0
AT1G62820.1	3	4	2	3	0	0	1	1
AT1G62940.1	2	1	0	0	0	1	1	1
AT1G63000.1	1	2	1	0	1	1	2	1
AT1G63660.1	2	2	2	1	2	2	6	1
AT1G64040.1	0	0	0	0	0	0	1	0
AT1G64190.1	7	7	5	5	7	8	8	8
AT1G64330.1	4	4	5	5	4	4	2	0
AT1G64390.1	0	0	0	0	0	0	0	1
AT1G64520.1	3	1	1	0	1	1	1	1
AT1G64550.1	1	0	0	0	0	1	0	0
AT1G64740.1	31	33	31	35	30	30	33	32
AT1G64980.1	1	0	0	0	0	0	0	0
AT1G65220.1	1	1	0	1	1	0	1	1
AT1G65260.1	1	0	1	1	1	1	1	1
AT1G65930.1	3	3	2	4	0	3	5	2
AT1G65960.2	4	5	3	5	2	3	3	4
AT1G65980.1	0	0	0	0	0	0	1	0
AT1G66200.3	1	2	3	0	0	1	2	1
AT1G66240.1	0	0	0	1	0	0	0	0
AT1G66260.1	2	1	1	1	0	1	0	0
AT1G66410.2	23	32	25	20	8	23	20	19
AT1G67090.1	14	10	9	9	8	11	11	11
AT1G67230.1	0	1	0	0	0	1	1	0
AT1G67430.1	4	3	3	0	5	6	7	3
AT1G67700.2	2	3	3	2	2	3	1	1
AT1G67730.1	0	2	0	0	2	1	2	0
AT1G67750.1	0	0	1	0	0	0	0	0
AT1G68010.2	1	1	0	0	2	2	1	1
AT1G68530.1	11	5	8	11	7	6	3	6
AT1G68540.1	1	1	1	2	2	1	1	2
AT1G68560.1	6	7	5	7	4	3	6	3
AT1G68680.1	0	0	1	1	0	1	1	1
AT1G68720.1	0	0	1	0	0	0	0	0
AT1G69120.1	0	0	0	0	0	0	0	1
AT1G69200.1	0	0	0	0	1	1	0	0
AT1G69250.1	2	0	0	0	0	1	0	0
AT1G69830.1	3	1	3	5	1	0	1	5
AT1G69940.1	4	5	7	3	9	7	6	5
AT1G70290.1	0	0	0	0	1	0	0	0
AT1G70320.1	0	2	2	0	1	0	1	0
AT1G70410.2	0	0	1	0	1	1	0	0
AT1G70520.1	1	0	0	0	0	0	0	0
AT1G70600.1	0	2	0	0	0	0	0	0
AT1G70710.1	0	3	2	1	2	2	2	0
AT1G70770.1	1	1	0	0	1	0	1	0
AT1G70830.1	4	1	2	3	0	0	2	2
AT1G70940.1	1	0	1	1	0	0	1	1
AT1G71220.2	9	8	4	5	8	5	6	2
AT1G71500.1	8	8	7	6	6	8	6	7
AT1G71695.1	4	5	4	4	4	3	1	3
AT1G71770.1	3	0	2	0	1	1	4	0
AT1G71820.2	1	1	1	1	1	1	0	0
AT1G72150.1	3	1	1	2	1	3	1	2
AT1G72370.1	11	11	10	7	10	11	11	8
AT1G72550.1	0	0	0	0	0	0	1	0
AT1G72610.1	0	0	0	0	0	0	1	0
AT1G72730.1	39	41	35	39	36	36	47	44
AT1G72750.1	1	1	1	0	0	0	2	1
AT1G72970.1	6	2	2	2	0	5	2	5
AT1G73450.1	0	0	0	0	1	0	0	0
AT1G74050.1	7	12	8	7	7	5	9	9
AT1G74470.1	14	12	8	9	11	9	8	9
AT1G74540.1	5	5	7	9	4	6	7	9
AT1G74690.1	0	1	0	0	0	0	0	0
AT1G74730.1	1	0	0	1	1	0	0	0
AT1G74850.1	0	1	0	0	0	0	1	1
AT1G74910.1	0	0	0	2	0	0	1	1
AT1G74960.2	2	0	2	0	0	1	0	1
AT1G74970.1	0	1	0	0	0	0	1	0
AT1G75030.1	1	1	2	0	0	1	0	0
AT1G75340.1	0	0	0	0	0	0	1	0
AT1G75660.1	0	5	6	7	6	4	9	4
AT1G75780.1	41	48	26	28	36	36	41	34
AT1G75840.1	2	0	0	0	0	0	0	0
AT1G75910.1	13	17	17	14	19	16	15	20
AT1G75930.1	8	8	7	6	9	12	10	8
AT1G75940.1	10	8	8	9	11	11	10	10
AT1G75990.1	2	1	1	2	1	1	1	2
AT1G76010.1	3	1	2	3	6	4	6	2
AT1G76160.1	0	2	1	0	0	0	1	0
AT1G76180.1	13	9	5	8	5	7	3	3
AT1G76490.1	0	0	1	0	0	0	1	1
AT1G76550.1	0	4	0	1	0	0	0	1
AT1G76850.1	0	0	0	1	0	0	1	1
AT1G76880.1	1	0	0	0	0	0	0	0
AT1G76940.1	0	0	0	0	0	0	0	1
AT1G77030.1	0	0	0	0	0	0	0	1
AT1G77590.1	3	3	4	3	1	0	4	0
AT1G78140.1	0	0	0	0	0	0	0	1
AT1G78300.1	10	11	14	8	5	12	8	11
AT1G78570.1	12	13	9	5	1	2	6	8
AT1G78630.1	0	1	1	1	2	1	4	1
AT1G78820.1	0	0	0	0	1	0	0	0
AT1G78830.1	1	0	1	0	2	1	0	0
AT1G78900.1	27	23	22	22	21	22	25	21
AT1G79090.1	1	1	1	1	5	5	4	3
AT1G79230.1	1	0	0	0	0	0	1	0
AT1G79350.1	1	1	0	0	0	2	1	0
AT1G79530.1	21	25	20	17	22	20	16	17
AT1G79550.1	5	5	5	4	1	3	6	2
AT1G79750.1	1	0	0	0	0	0	0	0
AT1G79920.1	10	9	5	8	6	5	5	6
AT1G79930.1	10	9	5	6	5	5	5	5
AT1G80070.1	3	1	5	4	1	1	3	3
AT1G80410.2	9	14	6	14	7	5	11	7
AT1G80490.2	1	2	1	0	1	1	1	1
AT1G80930.1	0	0	1	0	0	0	1	0
AT2G01140.1	8	5	4	4	1	5	3	3
AT2G01250.1	7	12	5	6	7	7	10	6
AT2G02470.1	0	0	1	1	0	0	2	2
AT2G02740.1	2	2	3	1	3	3	3	4
AT2G02790.1	1	0	0	1	0	0	0	0
AT2G03440.1	0	0	0	0	0	1	0	0
AT2G03510.1	2	2	1	1	0	1	3	1
AT2G03820.1	0	0	0	0	0	2	0	0
AT2G04030.1	3	4	2	5	3	5	5	3
AT2G04390.1	5	4	2	3	6	3	6	0
AT2G04520.1	0	0	1	1	0	0	1	0
AT2G05070.1	27	36	25	39	25	26	39	34
AT2G05710.1	0	2	2	0	0	0	1	0
AT2G05920.1	2	2	2	2	4	3	1	3
AT2G05990.1	2	1	1	1	1	1	1	0
AT2G06850.1	3	6	4	3	9	7	8	6
AT2G07360.2	2	0	0	0	0	0	0	0
AT2G07560.1	3	1	0	2	1	2	1	5
AT2G07690.1	0	0	1	0	0	0	0	0
AT2G07698.1	23	19	23	21	21	18	14	17
AT2G09990.1	14	6	9	10	9	9	9	12
AT2G10940.1	3	2	3	1	3	2	1	2
AT2G11000.1	0	0	0	0	0	1	0	0
AT2G14120.3	1	3	2	3	2	2	4	4
AT2G15400.1	1	1	1	2	0	2	1	2
AT2G15430.1	3	2	3	4	3	3	2	3
AT2G15690.1	2	2	2	3	3	2	2	3
AT2G16485.1	1	0	1	1	0	0	1	1
AT2G16570.1	0	0	0	0	0	1	0	0
AT2G16600.1	15	9	14	8	16	18	8	14
AT2G16640.1	0	0	0	2	0	0	0	1
AT2G17265.1	0	0	0	0	0	1	0	0
AT2G17280.1	0	0	0	0	0	0	1	0
AT2G17360.1	19	16	15	15	14	14	19	18
AT2G17380.1	0	1	0	0	0	1	0	0
AT2G17510.2	0	0	0	0	0	1	1	1
AT2G17560.1	0	3	1	3	0	0	0	0
AT2G17790.1	2	1	1	1	1	2	2	1
AT2G17800.1	1	0	0	1	1	0	0	0
AT2G17870.1	0	0	1	0	0	3	5	3
AT2G17930.1	1	0	0	0	0	0	0	0
AT2G17980.1	0	0	0	0	0	0	1	0
AT2G18020.1	21	17	17	17	19	19	18	13
AT2G18110.1	4	2	2	3	4	1	3	2
AT2G18330.1	3	4	2	3	1	2	2	2
AT2G18740.1	1	1	0	0	1	1	1	1
AT2G18790.1	0	2	2	1	0	0	1	3
AT2G18960.1	14	11	10	13	5	9	10	15
AT2G19080.1	1	0	0	0	0	1	1	0
AT2G19170.1	0	0	0	0	0	0	0	1
AT2G19480.1	2	3	2	3	4	3	3	3
AT2G19520.1	2	2	2	1	0	1	2	1
AT2G19730.1	3	4	1	1	2	1	2	1
AT2G19740.1	2	1	1	1	1	0	0	1
AT2G20140.1	3	2	2	2	2	2	0	0
AT2G20190.1	0	2	1	1	0	0	0	1
AT2G20260.1	1	1	0	1	0	1	0	0
AT2G20420.1	3	0	1	1	0	2	0	0
AT2G20450.1	4	5	2	2	4	3	2	3
AT2G20580.1	4	6	4	4	2	2	6	2
AT2G20760.1	3	0	0	0	0	0	4	0
AT2G21060.1	6	7	6	4	13	12	10	13
AT2G21130.1	0	0	0	0	0	0	1	1
AT2G21160.1	1	1	3	2	1	3	1	2
AT2G21330.1	8	13	6	6	3	8	8	6
AT2G21390.1	18	16	16	16	11	14	21	15
AT2G21410.1	0	1	0	0	0	0	0	0
AT2G21580.1	4	4	3	1	1	3	3	1
AT2G21660.1	52	57	67	62	99	88	52	69
AT2G21870.1	2	2	1	2	0	0	1	1
AT2G21960.1	0	0	1	0	0	0	0	0
AT2G22125.1	0	0	1	0	0	0	2	0
AT2G22230.1	0	0	0	0	0	0	0	1
AT2G22360.1	1	0	0	0	1	3	1	2
AT2G23350.1	12	10	13	11	13	15	13	11
AT2G24050.1	0	1	0	1	0	3	1	1
AT2G24090.1	0	1	0	0	0	0	0	0
AT2G24200.1	0	0	0	1	0	0	1	0
AT2G24210.1	0	0	0	0	1	1	0	0
AT2G24420.1	2	1	1	0	1	2	0	0
AT2G25110.1	0	1	1	0	0	0	1	1
AT2G25140.1	3	2	3	3	3	3	0	2
AT2G25170.1	0	1	1	0	0	0	0	0
AT2G25280.1	0	0	0	0	0	0	1	0
AT2G25890.1	4	2	0	0	5	6	0	0
AT2G26140.1	0	0	0	1	0	0	1	0
AT2G26250.1	3	3	3	3	5	3	5	3
AT2G26280.1	3	2	2	3	3	3	4	3
AT2G26340.2	0	0	0	0	0	0	0	1
AT2G26890.1	1	0	0	0	0	1	0	1
AT2G26990.1	0	1	0	0	0	0	0	0
AT2G27030.3-AT3G56800.1	23	33	26	20	9	22	20	19
AT2G27040.1	4	2	3	1	2	4	0	2
AT2G27100.1	0	1	1	1	3	0	2	1
AT2G27170.1	0	0	1	0	0	0	0	0
AT2G27530.1	10	8	8	9	10	9	6	9
AT2G27600.1	1	0	0	0	1	0	0	0
AT2G27680.1	1	1	1	0	0	1	1	1
AT2G27710.1	4	5	3	4	3	3	2	3
AT2G27730.1	4	7	5	5	6	5	6	4
AT2G27880.1	0	0	0	0	0	0	1	0
AT2G28000.1	18	20	14	12	25	30	14	13
AT2G28080.1	0	0	0	0	0	1	0	1
AT2G28470.1	1	0	0	0	0	1	0	0
AT2G28540.2	0	0	0	0	1	1	0	0
AT2G28790.1	10	16	13	17	11	10	22	14
AT2G28900.1	0	0	0	0	0	0	2	0
AT2G28950.1	3	2	4	3	3	4	2	3
AT2G29140.1	7	4	8	5	5	7	8	8
AT2G29190.1	6	4	9	7	5	6	8	10
AT2G29200.1	6	4	9	5	5	8	7	9
AT2G29550.1	77	86	60	65	61	71	76	69
AT2G29580.1	0	0	0	1	0	0	0	0
AT2G30050.1	2	2	2	0	0	1	2	0
AT2G30110.1	1	1	0	1	0	1	0	1
AT2G30200.1	0	1	1	0	0	1	1	0
AT2G30490.1	1	0	0	0	0	0	0	0
AT2G30620.1	0	0	0	0	1	5	1	0
AT2G30880.1	1	0	0	1	0	0	1	1
AT2G30950.1	0	2	0	2	0	1	2	2
AT2G30970.1	0	0	0	0	0	1	0	0
AT2G31610.1	21	15	17	13	12	17	15	13
AT2G31810.1	2	1	2	1	2	2	2	0
AT2G31890.1	1	0	0	0	0	0	0	0
AT2G31980.1	2	3	3	5	6	5	4	4
AT2G32060.1	4	5	4	4	5	5	3	5
AT2G32080.1	0	0	2	1	5	2	1	3
AT2G32700.7	2	0	1	2	2	2	2	2
AT2G32730.1	2	0	0	1	0	0	0	0
AT2G32810.1	0	0	0	0	0	1	0	0
AT2G32850.2	3	1	2	2	2	2	2	3
AT2G32920.1	0	1	0	2	0	0	1	1
AT2G32930.2	0	1	1	0	0	0	0	0
AT2G33150.1	8	13	7	9	11	11	17	12
AT2G33210.1	28	35	18	17	41	41	26	19
AT2G33340.1	3	1	1	2	0	0	1	0
AT2G33410.1	4	2	2	1	2	4	4	5
AT2G33430.1	1	0	0	0	0	0	0	0
AT2G33800.1	5	7	4	4	5	7	7	4
AT2G34040.1	2	1	1	0	2	3	1	1
AT2G34160.1	0	1	2	0	1	1	3	1
AT2G34420.1	27	40	27	41	29	30	43	36
AT2G34480.1	11	7	11	8	11	14	10	8
AT2G34560.2	0	0	0	0	0	0	1	0
AT2G34640.1	0	0	0	0	0	1	0	0
AT2G34680.1	0	0	0	0	1	0	0	0
AT2G34810.1	2	0	1	2	1	0	3	0
AT2G34970.1	0	1	1	1	0	0	1	0
AT2G35050.1	0	0	1	0	0	0	0	0
AT2G35110.1	0	0	0	1	0	0	0	1
AT2G35390.2	2	1	1	0	1	1	0	3
AT2G35630.1	1	0	0	0	0	1	0	0
AT2G35920.1	0	0	0	0	0	0	0	1
AT2G36060.2	0	1	0	1	1	1	1	2
AT2G36170.1-AT3G52590.1	82	77	77	86	72	71	76	69
AT2G36250.1	1	0	2	1	1	1	2	1
AT2G36460.1	6	8	8	9	6	8	11	7
AT2G36530.1	5	2	2	3	2	5	5	3
AT2G36580.1	4	4	6	2	3	4	7	1
AT2G36620.1	3	5	1	2	3	2	3	3
AT2G36870.1	0	2	2	2	0	1	2	0
AT2G36880.1	11	13	21	20	8	10	16	20
AT2G37040.1	0	1	0	0	0	0	0	0
AT2G37190.1	5	7	6	5	3	6	8	7
AT2G37220.1	13	7	9	8	16	16	12	12
AT2G37270.1	30	26	25	25	31	30	28	23
AT2G37550.1	1	0	2	0	0	0	0	1
AT2G37620.1-AT3G53750.1	46	50	44	42	46	47	43	44
AT2G37690.1	4	3	3	5	0	1	8	5
AT2G38020.1	1	0	0	0	0	0	0	0
AT2G38040.1	8	6	7	9	5	4	5	8
AT2G38110.1	6	5	1	6	2	3	1	1
AT2G38270.1	0	0	1	0	0	0	0	0
AT2G38280.1	1	1	0	0	1	0	0	0
AT2G38540.1	3	4	5	3	4	5	4	4
AT2G38610.1	0	0	0	0	0	0	1	2
AT2G38670.1	1	1	1	1	1	0	0	1
AT2G38770.1	1	1	2	1	2	1	1	1
AT2G38810.1	2	3	2	4	3	2	2	3
AT2G39260.1	0	0	0	0	0	0	1	0
AT2G39310.1	0	1	1	1	0	1	1	1
AT2G39330.1	0	2	1	2	0	1	1	2
AT2G39390.1	6	6	3	1	5	6	7	5
AT2G39460.1	4	4	5	3	4	4	6	4
AT2G39730.1	67	58	41	49	50	58	62	44
AT2G39770.1	1	0	3	1	0	0	1	2
AT2G39800.1	11	12	17	17	11	11	16	17
AT2G39990.1	3	2	1	3	3	1	0	2
AT2G40060.1	2	2	1	3	2	0	4	0
AT2G40100.1	0	1	0	0	0	0	1	1
AT2G40290.1	4	4	2	2	3	4	4	4
AT2G40510.1	2	0	0	1	0	0	1	0
AT2G40600.1	1	0	1	0	0	1	2	2
AT2G40620.1	0	0	0	0	0	0	1	0
AT2G40660.1	2	2	1	0	0	0	0	1
AT2G41040.1	3	2	2	1	3	1	1	3
AT2G41100.1	2	2	1	2	2	3	2	2
AT2G41475.1	1	3	1	2	0	0	3	2
AT2G41530.1	2	1	2	2	1	1	1	1
AT2G41620.1	0	1	0	0	1	0	0	0
AT2G41840.1	20	18	10	16	23	21	21	19
AT2G42100.1	11	14	9	11	11	10	12	10
AT2G42210.2	0	0	2	1	0	0	1	0
AT2G42220.1	0	0	0	0	0	0	1	0
AT2G42500.1	3	2	2	2	2	1	1	5
AT2G42520.1	7	9	8	15	18	19	19	22
AT2G42530.1	0	0	0	0	0	0	1	0
AT2G42590.3	1	1	2	1	0	1	2	1
AT2G42740.1	3	4	0	1	0	3	2	1
AT2G42800.1	1	1	0	0	0	1	1	1
AT2G43030.1	7	8	9	7	5	8	8	11
AT2G43360.1	0	0	1	1	0	0	1	1
AT2G43460.1-AT3G59540.1	1	1	1	1	0	1	0	0
AT2G43710.2	0	1	0	0	1	0	0	0
AT2G43950.1	0	0	0	0	0	0	1	0
AT2G44060.1	1	0	1	0	0	0	0	0
AT2G44120.2	5	6	4	6	7	4	11	5
AT2G44160.1	0	2	0	0	0	0	1	0
AT2G44350.2	2	0	0	0	0	0	0	0
AT2G44530.1	1	3	2	1	2	1	1	1
AT2G44590.3	2	0	2	3	2	1	2	1
AT2G44730.1	0	1	0	0	0	1	0	1
AT2G45140.1	1	0	0	0	0	0	0	0
AT2G45300.1	2	1	2	1	0	0	1	0
AT2G45470.1	2	3	4	3	4	1	4	3
AT2G45620.1	1271	1261	1310	1318	1318	1316	1230	1292
AT2G45640.1	0	0	1	0	0	0	0	0
AT2G45710.1	5	7	5	4	4	6	4	4
AT2G45810.1	15	11	13	13	36	31	35	27
AT2G45960.3	8	8	8	7	10	11	14	6
AT2G46020.2	0	0	1	1	0	0	3	1
AT2G46280.1	7	10	4	8	5	9	9	5
AT2G46520.1	1	1	0	1	0	0	1	0
AT2G46720.1	0	0	0	0	0	0	0	1
AT2G46780.1	1	1	1	2	2	2	3	2
AT2G46820.1	0	0	1	0	0	0	0	0
AT2G47060.4	0	0	1	0	0	1	1	1
AT2G47110.1	80	81	76	87	74	73	77	69
AT2G47240.1	0	0	0	0	0	1	0	0
AT2G47250.1	0	2	0	1	0	0	0	1
AT2G47400.1	1	0	0	1	0	0	0	0
AT2G47470.1	3	3	2	1	4	2	1	1
AT2G47510.1	2	1	0	0	0	4	2	1
AT2G47610.1	15	11	10	13	14	11	12	15
AT2G47640.1-AT3G62840.1	0	1	1	1	0	0	1	0
AT2G47650.2	0	0	1	1	1	1	2	1
AT2G47850.1	0	0	2	0	0	0	1	0
AT3G01010.1	4	3	3	2	3	1	1	3
AT3G01090.2	1	1	1	1	0	0	1	0
AT3G01280.1	0	0	0	0	0	1	0	2
AT3G01340.1	2	0	0	1	1	1	1	1
AT3G01390.1	6	1	1	0	1	0	3	2
AT3G01500.2	13	13	11	12	13	12	14	11
AT3G01510.1	0	0	1	1	1	0	0	0
AT3G01540.2	4	4	4	6	3	4	8	9
AT3G01780.1	2	4	0	2	0	2	1	0
AT3G02080.1	7	4	3	5	5	5	6	5
AT3G02090.2	2	3	2	3	3	6	4	3
AT3G02200.2	2	1	1	0	0	0	1	0
AT3G02230.1	8	8	5	6	3	4	8	5
AT3G02260.1	2	2	4	3	1	2	3	5
AT3G02360.2	7	9	6	9	6	6	7	8
AT3G02480.1	1	0	0	0	0	0	0	0
AT3G02520.1	13	13	17	12	5	12	10	13
AT3G02530.1	11	8	5	12	9	11	6	9
AT3G02560.1	1	1	2	1	0	0	3	1
AT3G02760.1	1	0	0	1	0	0	1	0
AT3G02830.1	4	2	2	3	2	3	7	3
AT3G03100.1	0	1	1	0	0	0	0	0
AT3G03250.1	4	5	3	3	0	2	2	2
AT3G03560.1	0	0	0	0	0	1	0	0
AT3G03780.1	15	13	13	17	6	14	15	8
AT3G03950.3	2	1	3	1	0	1	3	3
AT3G03960.1	20	10	14	11	9	14	15	12
AT3G04120.1	71	66	66	59	69	75	72	59
AT3G04290.1	1	0	0	0	0	0	0	0
AT3G04500.1	0	0	0	0	1	0	0	0
AT3G04600.1	0	0	2	2	1	1	1	2
AT3G04610.1	0	2	0	0	0	1	3	1
AT3G04740.1	0	0	0	0	0	0	1	0
AT3G04790.1	1	0	0	0	0	0	0	0
AT3G04830.1	1	0	0	0	0	0	0	0
AT3G04840.1	22	17	16	16	15	16	21	17
AT3G04870.1	0	0	2	1	0	0	1	1
AT3G04920.1	2	4	2	1	0	4	5	3
AT3G05020.1	1	1	1	1	0	1	0	0
AT3G05060.1	9	8	9	9	8	5	13	11
AT3G05420.2	0	0	1	0	0	1	2	0
AT3G05530.1	6	4	4	3	0	1	3	2
AT3G05560.1	3	3	3	2	3	3	3	2
AT3G05590.1	10	10	10	11	12	11	6	8
AT3G05970.1	0	0	0	0	1	1	0	0
AT3G06410.1	1	2	1	2	2	0	1	2
AT3G06480.1	1	2	2	2	1	2	4	5
AT3G06510.2	2	0	3	1	1	2	0	1
AT3G06580.1	0	1	1	1	0	0	2	0
AT3G06610.1	1	0	0	0	0	0	0	0
AT3G06650.1	18	16	10	13	13	14	11	11
AT3G06810.1	1	0	2	1	1	2	4	2
AT3G06850.1	5	7	5	5	3	1	4	7
AT3G06860.1	5	2	5	5	2	3	0	4
AT3G07010.1	1	0	0	1	1	0	0	1
AT3G07100.1	3	2	2	2	2	0	5	1
AT3G07110.2	9	8	8	7	8	9	5	13
AT3G07590.1	0	0	1	0	0	1	1	1
AT3G07630.1	2	1	1	1	0	1	1	1
AT3G07680.1	0	0	1	0	0	0	1	0
AT3G07770.1	5	7	4	8	2	2	5	6
AT3G07810.2	2	2	2	2	2	3	3	2
AT3G08030.1	3	4	2	2	1	2	3	2
AT3G08530.1	71	61	64	60	66	70	76	69
AT3G08580.1	40	38	50	48	35	38	48	44
AT3G08940.2	5	4	6	4	3	4	7	4
AT3G09200.1	4	4	3	5	5	4	11	3
AT3G09440.1	66	74	77	67	71	76	76	66
AT3G09500.1	7	9	3	0	5	4	8	4
AT3G09630.1	39	37	27	29	40	42	48	35
AT3G09820.1	5	4	4	4	2	2	4	4
AT3G09840.1	9	9	10	9	6	5	10	6
AT3G09900.1	2	2	3	3	2	2	3	2
AT3G10090.1-AT5G03850.1	0	2	1	1	1	1	2	1
AT3G10380.1	2	2	2	2	2	2	2	3
AT3G10690.1	0	0	0	0	1	1	0	0
AT3G10950.1	0	1	0	0	0	1	1	0
AT3G11130.1	66	60	62	59	64	70	75	67
AT3G11200.1	2	1	2	2	1	0	1	1
AT3G11400.2	1	2	1	1	0	1	1	3
AT3G11510.1	18	15	13	16	13	15	13	14
AT3G11540.1	1	2	1	1	2	1	1	0
AT3G11630.1	0	0	0	0	1	1	1	0
AT3G11710.1	4	8	2	6	5	1	4	5
AT3G11730.1	0	0	1	0	0	0	0	0
AT3G11830.1	17	23	11	12	10	12	19	9
AT3G11910.1	11	12	9	9	12	9	8	7
AT3G11940.1	29	26	25	26	31	31	30	24
AT3G12050.1	0	1	3	1	0	0	2	2
AT3G12080.1	0	0	0	1	0	0	0	1
AT3G12110.1	55	54	52	48	53	50	46	47
AT3G12130.1	2	0	2	3	2	1	1	1
AT3G12145.1	7	12	8	8	6	4	12	11
AT3G12390.1	5	5	3	4	4	5	2	3
AT3G12490.2	2	0	2	0	2	0	3	2
AT3G12580.1	62	74	71	59	57	70	74	61
AT3G12780.1	11	9	11	12	6	9	13	10
AT3G12800.1	2	1	3	2	1	3	1	2
AT3G12915.1	19	20	22	19	14	18	19	21
AT3G12930.1	0	0	1	0	0	0	0	0
AT3G13060.2	0	0	3	1	5	6	3	6
AT3G13120.1	1	1	1	0	0	1	2	1
AT3G13290.1	4	3	1	3	7	5	7	7
AT3G13300.1	16	16	16	20	34	36	34	34
AT3G13460.1	21	21	20	21	24	21	26	28
AT3G13470.1	28	27	21	13	35	40	24	17
AT3G13570.1	1	1	2	1	2	2	1	2
AT3G13580.3	4	4	1	5	5	2	6	5
AT3G13670.1	0	0	1	0	1	0	1	1
AT3G13750.1	0	0	0	0	2	2	3	1
AT3G13860.1	7	6	6	6	11	12	6	6
AT3G13870.1	0	1	1	1	0	0	0	0
AT3G13920.2	43	43	42	45	38	37	51	47
AT3G13930.1	0	0	0	0	0	2	0	1
AT3G13990.1	0	0	0	0	0	0	1	0
AT3G14100.1	4	5	5	5	3	4	8	5
AT3G14110.3	1	1	1	1	1	0	1	1
AT3G14210.1	9	14	8	9	20	16	12	10
AT3G14310.1	0	2	2	1	2	2	1	2
AT3G14420.1	4	5	0	0	2	4	4	2
AT3G14450.1	1	1	0	0	0	0	1	0
AT3G14990.1	2	1	1	1	1	1	0	1
AT3G15000.1	6	5	2	3	6	8	8	8
AT3G15010.1	3	3	3	1	7	4	5	6
AT3G15190.1	2	0	0	1	0	1	0	0
AT3G15290.1	0	0	0	0	0	0	1	0
AT3G15610.1	10	8	7	7	7	11	9	9
AT3G15680.1	2	1	1	0	2	2	0	2
AT3G15730.1	0	0	4	3	0	4	3	2
AT3G15880.2	0	1	1	0	0	0	0	1
AT3G15980.5	6	6	6	6	5	4	7	5
AT3G16470.1	28	33	21	22	25	27	26	27
AT3G16640.1	4	3	3	3	1	2	2	3
AT3G16780.1	3	2	2	3	0	1	2	2
AT3G16910.1	0	0	0	0	1	2	0	0
AT3G16950.2	0	2	0	0	0	0	6	0
AT3G16980.1	1	1	1	0	0	1	0	1
AT3G17020.1	0	0	0	0	1	1	1	0
AT3G17390.1	13	12	17	17	6	10	16	15
AT3G17840.1	0	0	0	0	0	0	1	0
AT3G17850.1	2	0	0	0	0	0	2	0
AT3G17970.1	1	1	1	0	1	0	0	1
AT3G18190.1	18	12	10	9	9	9	8	8
AT3G18490.1	3	1	2	3	1	1	1	2
AT3G18740.1	5	3	4	4	6	6	4	5
AT3G18780.2	42	45	42	42	46	36	40	45
AT3G18790.1	0	1	0	1	0	0	1	0
AT3G19130.1	0	2	0	2	0	0	2	2
AT3G19170.1	1	1	1	1	0	0	0	1
AT3G19240.1	0	1	0	1	0	1	1	1
AT3G19720.1	0	1	0	0	0	0	1	0
AT3G19760.1	3	3	3	3	2	2	5	2
AT3G19820.1	9	8	10	13	0	3	14	8
AT3G19960.2	1	1	1	1	1	1	1	1
AT3G20000.1	1	0	0	0	1	0	0	0
AT3G20050.1	6	8	8	9	9	8	10	9
AT3G20630.1	0	0	1	0	0	0	0	0
AT3G20650.1	0	0	1	2	0	0	0	0
AT3G20800.1	0	1	0	1	0	2	1	2
AT3G20810.2	0	0	1	1	0	1	0	1
AT3G20820.1	7	6	7	9	9	9	11	7
AT3G21110.1	0	1	0	0	0	0	0	0
AT3G21140.1	0	2	0	0	0	0	0	0
AT3G21180.1	0	1	1	0	1	1	0	1
AT3G22110.1	2	2	1	2	0	0	1	0
AT3G22220.1	0	0	0	1	0	0	1	0
AT3G22230.1	1	2	1	0	2	0	2	0
AT3G22310.1	7	4	9	2	7	9	7	9
AT3G22330.1	11	10	11	8	11	12	15	13
AT3G22460.1	0	0	0	0	0	1	1	0
AT3G22520.1	0	0	0	0	1	0	0	0
AT3G22845.1	0	1	0	0	0	0	0	0
AT3G22890.1	3	2	1	2	0	0	0	4
AT3G22960.1	2	2	1	2	2	2	2	1
AT3G23450.1	9	9	9	10	11	9	9	10
AT3G23510.1	0	0	1	0	0	0	0	0
AT3G23770.1	0	0	0	1	0	0	0	0
AT3G23810.1	43	49	38	47	40	37	49	48
AT3G23820.1	0	0	0	0	0	1	0	0
AT3G23990.1	34	36	19	20	52	49	32	26
AT3G24830.1	12	10	8	10	9	7	8	10
AT3G25050.1	1	1	1	1	2	1	4	2
AT3G25150.2	6	5	6	3	8	9	10	6
AT3G25230.2	0	0	0	0	1	0	0	0
AT3G25520.1	10	9	5	3	3	8	15	4
AT3G25800.1	3	2	1	3	0	2	3	3
AT3G25810.1	0	0	0	0	0	0	1	0
AT3G25860.1	4	4	4	2	5	4	2	3
AT3G25920.1	0	1	2	1	1	2	0	0
AT3G26420.1	1	1	2	1	3	1	5	3
AT3G26450.1	0	0	0	0	0	1	0	0
AT3G26650.1	36	41	31	35	24	24	39	29
AT3G27240.1	0	0	0	1	0	0	0	0
AT3G27380.1	2	1	0	1	1	1	2	0
AT3G27430.2	0	0	0	0	0	0	2	0
AT3G27740.1	0	1	0	0	0	0	1	0
AT3G27830.1	2	4	3	4	3	3	3	4
AT3G28220.1	3	4	2	2	4	3	3	3
AT3G28500.1	3	2	1	0	0	4	2	2
AT3G28720.1	0	0	0	0	0	1	0	0
AT3G28790.1	1	1	0	0	1	2	1	0
AT3G28830.1	1	0	0	0	1	0	0	0
AT3G29075.1	0	0	0	0	0	0	1	1
AT3G29310.1	1	0	0	0	0	0	0	0
AT3G29360.1	9	7	7	8	3	3	4	6
AT3G42050.1	1	0	1	0	0	0	0	0
AT3G42170.1	2	4	2	2	2	1	2	1
AT3G42660.1	0	0	0	0	0	0	0	1
AT3G42850.1	3	2	3	2	1	2	3	3
AT3G43300.1	0	2	4	2	2	2	4	1
AT3G44110.1	22	27	25	25	22	19	30	21
AT3G44310.1	3	2	3	2	4	3	4	4
AT3G44320.1	1	1	1	1	2	1	2	2
AT3G44330.1	1	1	1	1	0	1	1	1
AT3G44750.1	0	0	1	0	0	1	1	1
AT3G44890.1	3	7	5	4	6	5	4	5
AT3G45010.1	1	1	1	0	0	0	1	1
AT3G45030.1-AT5G62300.1	13	10	14	11	13	10	11	9
AT3G45140.1	69	70	79	78	28	36	68	61
AT3G45180.1	0	1	0	0	0	0	0	0
AT3G45630.1	0	0	0	0	0	0	1	0
AT3G45850.1	0	0	0	0	0	0	1	0
AT3G46040.1	2	3	5	1	4	1	10	5
AT3G46520.1	49	50	45	45	50	49	42	42
AT3G46740.1	7	3	6	5	5	9	9	7
AT3G46780.1	4	7	8	6	5	7	5	6
AT3G47370.2	10	5	8	5	8	7	5	5
AT3G47470.1	5	4	8	4	5	5	8	5
AT3G47520.1	0	6	4	3	2	2	4	2
AT3G48500.2	0	0	2	1	3	2	0	0
AT3G48560.1	0	0	0	0	0	1	0	0
AT3G48730.1	0	0	0	0	0	1	0	0
AT3G48750.1	1	1	1	0	1	0	0	1
AT3G48870.1	14	18	14	13	8	14	11	18
AT3G48890.1	0	1	0	0	0	0	0	0
AT3G48930.1	25	22	20	15	23	21	21	21
AT3G49010.1	9	9	9	8	6	8	9	6
AT3G49240.1	0	0	2	0	3	0	2	3
AT3G49250.1	1	1	0	0	0	1	0	0
AT3G49430.1	5	10	6	7	2	1	8	9
AT3G49470.1	1	1	0	0	0	0	2	0
AT3G49720.1	5	4	4	2	4	5	5	3
AT3G49910.1	0	5	1	1	0	0	5	0
AT3G50370.1	3	1	1	0	2	2	0	2
AT3G50590.1	2	1	1	0	1	1	0	1
AT3G50670.1	2	1	0	0	1	2	1	1
AT3G51120.1	1	1	0	1	0	0	1	1
AT3G51140.1	0	0	1	0	0	0	2	1
AT3G51260.1	0	0	0	0	0	0	2	0
AT3G51310.1	1	0	0	0	0	1	0	1
AT3G51550.1	2	0	2	1	0	0	2	1
AT3G51800.2	0	1	0	1	0	0	1	0
AT3G51820.1	2	1	0	0	1	0	0	0
AT3G51890.1	3	0	0	0	0	1	3	0
AT3G51950.1	2	2	3	3	3	3	2	3
AT3G52140.4	6	5	5	4	6	5	8	4
AT3G52150.1	0	0	0	0	1	0	3	0
AT3G52180.1	0	0	0	0	0	0	1	0
AT3G52300.1	1	2	1	2	0	1	2	0
AT3G52660.1	0	0	0	0	0	0	1	1
AT3G52730.1	1	2	2	2	0	2	1	1
AT3G52750.1	0	0	2	1	1	0	1	0
AT3G52880.2	0	1	0	0	0	2	2	1
AT3G52930.1	16	15	14	19	13	18	19	12
AT3G52960.1	1	1	0	0	0	1	2	0
AT3G52990.1	2	3	4	2	1	4	5	1
AT3G53020.1	6	7	4	4	5	2	2	5
AT3G53110.1	0	1	0	2	0	0	0	0
AT3G53420.1	4	6	4	4	5	4	5	4
AT3G53460.4	7	4	3	5	9	12	7	8
AT3G53610.1	0	1	2	2	0	0	1	2
AT3G53740.2	4	11	3	1	4	6	3	2
AT3G53870.1	21	15	18	13	12	15	14	12
AT3G53890.1	0	0	1	0	0	3	1	1
AT3G54050.1	0	1	0	0	0	1	0	0
AT3G54090.1	0	1	1	1	1	1	1	1
AT3G54110.1	0	0	0	0	0	0	1	1
AT3G54210.1	0	2	0	2	0	1	0	0
AT3G54400.1	3	5	4	5	2	3	1	4
AT3G54540.1	0	1	0	0	0	0	1	0
AT3G54890.1	3	2	1	5	1	1	1	0
AT3G55000.1	0	0	0	0	0	0	1	0
AT3G55220.1-AT3G55200.1	2	2	0	2	1	1	4	1
AT3G55360.1	0	0	1	0	0	0	0	0
AT3G55410.1	1	1	1	1	1	2	3	0
AT3G55440.1	2	0	0	1	0	1	1	0
AT3G55460.1	1	0	1	1	1	0	0	1
AT3G55610.1	7	4	12	11	8	8	8	15
AT3G55760.1	12	7	10	10	7	9	6	7
AT3G55770.7	0	2	0	0	0	0	1	0
AT3G55800.1	0	0	0	0	0	1	1	0
AT3G56070.1	0	1	1	0	1	1	0	0
AT3G56150.1	14	16	12	9	10	12	10	15
AT3G56240.1	0	1	0	0	0	0	0	0
AT3G56340.1	4	2	1	2	0	1	2	3
AT3G56460.1	2	1	1	1	1	2	1	2
AT3G56910.1	0	1	0	1	1	0	1	0
AT3G57150.1	3	4	5	5	5	4	4	4
AT3G57290.1	1	0	0	0	1	1	0	1
AT3G57340.1	0	0	0	0	0	0	1	0
AT3G58140.1	0	2	0	3	0	0	2	1
AT3G58510.1	12	10	16	20	26	27	28	29
AT3G58560.1	2	2	2	2	1	0	4	1
AT3G58570.1	8	12	8	15	21	19	24	22
AT3G58610.1	3	6	2	2	2	2	4	2
AT3G58730.1	0	0	1	1	0	0	1	1
AT3G58750.1	5	5	2	5	8	7	3	5
AT3G59510.1	0	0	0	0	1	1	0	0
AT3G59770.3	2	2	1	0	0	0	4	1
AT3G59970.3	6	2	2	2	3	4	2	2
AT3G60190.1	4	4	5	5	6	5	7	5
AT3G60240.4	15	13	15	14	14	15	23	18
AT3G60740.1	0	0	0	1	0	0	0	0
AT3G60750.1	9	10	8	8	4	10	13	9
AT3G60770.1	2	7	7	5	6	5	12	9
AT3G60820.1	2	1	1	0	0	0	0	0
AT3G60830.1	0	0	1	0	0	0	1	1
AT3G60960.1	4	3	1	0	2	2	3	1
AT3G60980.1	2	1	0	0	0	0	1	0
AT3G61050.1	0	0	0	0	0	1	0	0
AT3G61240.1	17	13	13	15	35	32	25	29
AT3G61260.1	0	0	0	0	0	1	0	0
AT3G61430.1	6	6	6	4	8	9	12	5
AT3G61470.1	0	0	0	0	0	0	1	0
AT3G61690.1	0	0	0	0	1	0	2	2
AT3G61760.1	1	0	1	0	0	0	0	0
AT3G61820.1	2	2	3	2	4	4	3	2
AT3G62010.1	0	0	1	0	0	0	2	0
AT3G62030.2	2	0	0	0	0	1	1	1
AT3G62120.1	7	6	5	7	3	2	1	5
AT3G62240.1	0	2	0	0	2	5	2	1
AT3G62310.1	0	1	0	0	0	0	0	0
AT3G62360.1	2	1	0	2	2	3	0	0
AT3G62530.1	10	8	9	8	4	5	7	7
AT3G62600.1	0	2	0	0	0	0	1	0
AT3G63095.1	2	1	1	0	1	1	1	1
AT3G63130.1	0	1	0	0	0	0	0	0
AT3G63190.1	0	0	0	0	0	1	0	0
AT3G63400.1	0	0	1	0	1	1	1	0
AT3G63410.1	4	2	4	4	2	2	4	3
AT3G63460.1	3	3	1	2	1	3	3	3
AT3G63490.1	4	6	6	8	5	5	8	7
AT4G00100.1	3	9	4	6	6	7	14	8
AT4G00400.1	1	4	3	3	0	0	3	2
AT4G00430.1	6	6	6	4	7	8	12	5
AT4G00660.2	16	15	14	15	33	32	35	32
AT4G00830.1	0	0	0	0	0	0	1	0
AT4G01037.1	0	0	0	0	1	0	0	0
AT4G01050.1	1	1	1	1	1	1	2	1
AT4G01100.2	1	0	1	1	0	0	2	1
AT4G01150.1	0	0	0	0	0	1	0	0
AT4G01290.1	0	0	0	0	1	0	0	1
AT4G01310.1	4	4	3	3	4	4	3	4
AT4G01370.1	0	0	0	0	0	0	1	0
AT4G01610.1	0	0	0	1	0	1	1	0
AT4G01800.2	2	1	0	1	3	3	0	1
AT4G01850.1	9	11	12	13	6	7	17	13
AT4G02230.1	3	3	4	5	1	0	3	4
AT4G02290.1	4	8	5	5	6	7	14	9
AT4G02510.1	5	4	3	6	7	7	8	5
AT4G02570.1	0	0	0	0	0	1	0	0
AT4G02770.1	5	3	3	2	2	4	4	1
AT4G02930.1	10	7	8	9	8	6	11	7
AT4G03280.1	2	1	1	0	0	1	0	0
AT4G03430.1	0	0	1	0	0	0	0	0
AT4G04460.1	3	4	4	3	1	4	2	5
AT4G04640.1	6	2	4	2	3	3	5	4
AT4G04910.1	2	3	1	1	4	3	5	3
AT4G04920.1	0	0	0	1	0	0	0	0
AT4G04950.1	0	0	1	0	0	0	0	0
AT4G05180.1	3	3	2	0	3	5	4	1
AT4G05400.1	1	1	2	1	0	0	0	0
AT4G05420.1	0	1	0	0	0	1	1	1
AT4G08350.1	0	0	0	0	0	0	0	1
AT4G09000.2	13	14	16	15	5	13	11	13
AT4G09010.1	2	1	1	0	0	1	0	0
AT4G09040.1	2	1	0	1	1	1	2	1
AT4G09320.1	4	3	3	3	3	3	7	3
AT4G10320.1	4	2	2	1	0	0	0	0
AT4G10340.1	14	10	11	13	8	3	16	14
AT4G10450.1	6	2	5	3	4	3	3	2
AT4G10480.1	6	6	2	6	6	6	6	4
AT4G10540.1	3	3	3	1	3	3	4	3
AT4G10610.1	2	5	3	3	2	2	4	4
AT4G10710.1	0	0	0	0	0	0	1	0
AT4G10790.1	0	0	0	0	0	0	0	1
AT4G10840.1	2	2	0	0	1	0	3	0
AT4G11150.1	7	11	4	8	3	3	10	6
AT4G11270.1	0	0	0	0	1	1	1	1
AT4G11380.2	13	7	5	5	8	6	6	6
AT4G11420.1	6	8	7	5	5	8	5	5
AT4G11820.2	5	3	3	5	3	2	6	3
AT4G12770.1	1	1	1	1	1	0	1	1
AT4G13170.1	11	9	9	9	6	9	7	13
AT4G13430.1	0	0	1	0	0	1	0	0
AT4G13560.1	0	0	0	1	0	0	1	1
AT4G13670.1	0	2	0	0	0	1	3	3
AT4G13780.1	1	2	1	0	2	0	2	2
AT4G13930.1	2	3	1	2	1	2	2	1
AT4G13940.1	65	70	54	71	58	57	72	72
AT4G14080.1	0	0	0	1	0	2	0	1
AT4G14110.1	0	0	0	0	0	1	0	0
AT4G14160.1	0	0	3	0	0	2	2	1
AT4G14300.1	1	0	2	1	3	3	1	2
AT4G15000.1	4	3	3	4	2	2	4	4
AT4G15210.1	0	0	1	2	0	0	0	0
AT4G15790.1	1	0	0	1	0	0	0	0
AT4G15802.1	1	3	2	3	0	0	1	0
AT4G15900.1	0	0	0	0	2	0	1	1
AT4G16060.1	0	0	0	0	0	0	0	1
AT4G16100.1	0	0	0	0	0	1	0	0
AT4G16130.1	6	4	7	4	2	4	8	6
AT4G16143.1	2	1	2	0	1	2	3	4
AT4G16155.1	0	2	0	0	0	0	6	0
AT4G16340.1	0	0	0	0	0	0	0	2
AT4G16390.1	0	0	1	0	0	0	0	0
AT4G16500.1	1	0	1	1	0	0	0	1
AT4G16720.1	8	13	5	6	6	8	11	7
AT4G16760.1	0	1	1	0	1	2	3	1
AT4G16830.1	1	0	0	0	1	1	0	0
AT4G17090.1	0	0	1	0	0	0	0	0
AT4G17140.3	2	0	1	2	1	2	1	2
AT4G17190.1	0	0	0	0	0	0	0	1
AT4G17390.1	8	13	5	6	6	8	11	7
AT4G17520.1	0	1	0	0	3	3	3	2
AT4G17530.1	4	2	5	3	2	2	3	2
AT4G17620.1	1	0	1	1	1	1	0	1
AT4G17770.1	0	1	0	0	0	0	1	1
AT4G17890.1	0	1	1	0	0	1	1	1
AT4G18030.1	0	0	1	0	0	0	0	0
AT4G18040.1	0	1	2	2	0	2	2	1
AT4G18100.1	7	3	3	2	4	4	2	2
AT4G18130.1	0	0	1	0	0	0	0	0
AT4G18430.1	0	0	0	0	0	0	1	0
AT4G18480.1	1	2	0	1	0	0	3	1
AT4G18970.2	0	1	0	0	0	1	0	1
AT4G19006.1	1	0	0	0	0	0	1	0
AT4G19210.1	6	5	6	7	7	7	3	7
AT4G19410.1	1	4	2	1	4	4	4	3
AT4G19470.1	1	0	0	0	0	0	0	0
AT4G20020.1	3	3	2	3	3	4	2	3
AT4G20130.1	0	0	0	0	0	0	0	1
AT4G20320.1	0	0	0	0	0	0	2	0
AT4G20360.1	21	26	20	18	39	43	37	38
AT4G20890.1	52	54	32	35	45	52	49	44
AT4G20940.1	1	0	0	0	0	0	0	0
AT4G20980.1	1	3	2	2	4	3	2	2
AT4G21150.1	3	3	2	2	4	4	2	3
AT4G21160.1	0	0	1	0	0	0	0	0
AT4G21280.2	4	6	4	1	3	4	6	2
AT4G21450.3	1	0	0	0	0	1	1	0
AT4G21620.1	1	1	0	1	1	0	0	0
AT4G21650.1	9	13	9	9	10	12	12	11
AT4G21670.1	0	0	0	0	0	0	0	1
AT4G21710.1	4	5	5	5	3	4	3	4
AT4G22010.1	9	7	10	6	11	13	12	11
AT4G22360.1	0	0	0	0	1	0	0	0
AT4G22380.1	0	1	0	0	0	0	0	0
AT4G22890.1	0	0	2	0	0	1	0	2
AT4G23170.1	0	0	0	0	0	2	0	0
AT4G23400.1	0	1	1	1	0	0	2	1
AT4G23630.1	1	0	0	0	0	1	0	0
AT4G23650.1	1	3	2	2	2	4	4	2
AT4G23680.1	4	4	4	4	2	3	4	3
AT4G23710.1	1	2	0	0	0	0	1	0
AT4G24190.1	5	4	8	9	4	4	10	4
AT4G24280.1	13	15	10	10	11	11	11	9
AT4G24510.1	3	3	3	3	0	0	4	2
AT4G24550.2	0	1	1	0	0	0	1	1
AT4G24680.1	4	5	5	3	11	7	10	5
AT4G24750.1	1	0	1	0	1	1	1	1
AT4G24770.1	0	0	0	0	1	0	0	0
AT4G24800.1	2	1	1	3	1	1	2	1
AT4G24820.1	2	4	1	3	0	0	2	3
AT4G24830.1	0	0	1	2	0	1	3	0
AT4G24920.1-AT5G50460.1	1	2	1	2	2	2	2	2
AT4G25515.1	0	1	0	1	0	0	1	0
AT4G25550.1	0	2	2	1	3	2	2	4
AT4G25590.1	1	1	3	2	2	3	2	2
AT4G25630.1	3	7	6	8	3	4	9	4
AT4G26000.1	0	0	0	0	0	0	1	0
AT4G26110.1	1	3	0	0	0	0	0	0
AT4G26530.1	3	4	3	4	3	3	5	3
AT4G26630.1	0	0	0	0	0	0	1	0
AT4G26650.1	0	2	1	0	1	1	1	0
AT4G26720.1	2	1	0	2	0	0	0	1
AT4G26780.1	0	1	0	0	1	0	0	0
AT4G27000.1	3	4	0	3	5	4	3	4
AT4G27060.1	0	0	0	0	0	1	3	0
AT4G27090.1	5	6	3	2	4	2	4	5
AT4G27440.1	5	3	5	4	9	9	14	6
AT4G27500.1	5	4	1	3	3	1	0	3
AT4G27560.1	0	0	1	0	1	1	3	2
AT4G27585.1	0	1	1	0	0	0	0	1
AT4G27690.1	0	2	0	0	0	0	2	0
AT4G28080.1	2	0	0	0	0	2	0	0
AT4G28250.1	2	0	1	0	0	1	1	0
AT4G28440.1	2	4	1	2	3	5	4	2
AT4G28480.1	0	1	1	0	0	0	0	0
AT4G28880.1	1	1	2	0	3	1	0	2
AT4G29010.1	8	6	8	7	11	8	11	9
AT4G29120.1	0	0	0	0	0	0	2	0
AT4G29130.1	2	0	1	1	1	0	1	1
AT4G29220.1	0	2	2	1	1	1	2	2
AT4G29340.1	0	0	0	0	0	1	0	0
AT4G29380.1	0	0	2	0	1	0	0	2
AT4G29410.1	1	1	1	1	1	1	3	1
AT4G29510.1	0	1	2	2	1	1	1	1
AT4G29520.1	1	1	1	0	1	1	0	0
AT4G29830.1	0	0	0	0	1	0	0	0
AT4G29840.1	1	1	1	1	0	0	1	0
AT4G30190.2	14	11	10	11	8	9	9	15
AT4G30800.1	3	3	2	2	4	1	2	3
AT4G30890.1	0	0	0	1	1	0	0	2
AT4G31180.1	2	1	2	3	2	2	3	2
AT4G31300.2	4	2	2	0	2	1	3	3
AT4G31480.1	13	9	10	11	9	9	14	11
AT4G31580.1	2	4	2	2	2	4	2	3
AT4G31700.1	12	13	7	8	11	14	13	11
AT4G31770.1	1	0	1	1	0	1	0	1
AT4G31880.1	0	0	1	0	1	1	1	1
AT4G32410.1	0	1	0	0	0	0	0	1
AT4G32460.1	0	0	0	0	0	1	0	0
AT4G32551.2	2	4	2	2	3	3	3	5
AT4G33010.1	3	0	0	0	0	0	0	0
AT4G33070.1	2	1	2	2	0	1	0	1
AT4G33200.1	1	0	0	0	0	0	0	0
AT4G33400.1	1	0	0	0	0	0	0	0
AT4G33650.2	1	3	2	3	2	2	2	4
AT4G33760.1	0	1	0	0	0	0	1	0
AT4G34110.1	18	19	22	14	23	19	25	23
AT4G34200.1	2	3	3	2	0	1	5	3
AT4G34450.1	13	9	9	10	14	9	9	11
AT4G34555.1	3	1	1	0	3	2	2	1
AT4G34620.1	0	2	2	3	2	2	3	3
AT4G34670.1	14	15	12	11	11	12	13	12
AT4G34850.1	0	1	0	0	0	0	0	0
AT4G34870.1	12	7	10	7	13	15	3	11
AT4G34980.1	4	7	7	7	4	6	11	9
AT4G35000.1	3	3	1	3	1	1	2	1
AT4G35090.1	6	5	6	8	9	8	10	6
AT4G35100.1	3	3	4	3	3	3	5	3
AT4G35250.1	1	1	1	1	1	1	3	1
AT4G35420.1	0	0	1	1	0	0	1	1
AT4G35800.1	0	1	0	0	1	1	1	1
AT4G35820.1	0	0	0	1	0	0	0	0
AT4G35850.1	9	7	6	5	7	9	7	7
AT4G35890.1	1	0	0	0	0	0	0	0
AT4G36020.1	0	0	1	0	0	0	2	0
AT4G36130.1	11	6	8	7	9	10	11	7
AT4G36210.3	0	0	0	1	0	0	0	0
AT4G36250.1	5	4	5	6	4	4	5	4
AT4G36630.1	0	1	0	0	0	0	0	0
AT4G37200.1	1	1	0	0	0	0	1	2
AT4G37510.1-AT2G48121.2	0	0	0	0	0	0	1	0
AT4G37910.1	20	16	16	12	7	11	13	8
AT4G37930.1	3	5	4	2	2	1	2	2
AT4G37980.1	0	0	1	0	0	0	0	0
AT4G38130.1	0	1	1	1	2	1	1	0
AT4G38440.1	0	1	0	0	0	0	0	0
AT4G38510.5	7	8	7	7	3	5	8	8
AT4G38600.1	1	2	0	1	0	0	4	0
AT4G38630.1	4	4	5	4	4	3	4	5
AT4G38680.1	7	7	7	8	17	20	9	17
AT4G38740.1	0	0	0	0	0	1	0	0
AT4G38890.1	1	0	1	1	0	0	1	0
AT4G38970.1	14	14	14	13	5	10	10	16
AT4G39200.1	7	5	4	2	4	5	1	1
AT4G39260.1	25	25	28	32	46	48	19	33
AT4G39330.1	0	9	4	12	0	3	9	5
AT4G39520.1	3	5	3	3	2	3	3	2
AT4G39730.1	1	0	0	0	0	1	0	0
AT4G39960.1	4	2	2	2	4	5	1	5
AT4G39980.1	4	0	0	1	4	2	4	0
AT5G01390.1	0	0	0	0	0	1	0	0
AT5G01410.1	3	2	4	3	5	3	3	3
AT5G01530.1	7	4	7	4	4	6	8	5
AT5G01600.1	1	0	1	2	0	0	0	1
AT5G02310.1	0	0	0	0	0	0	1	0
AT5G02490.1	69	78	72	69	63	76	78	69
AT5G02500.1	93	103	102	85	89	106	110	90
AT5G02530.1	0	1	1	2	1	3	0	2
AT5G02740.1	3	4	3	1	4	3	2	3
AT5G02870.1	40	33	27	27	40	42	47	33
AT5G02960.1	4	4	4	5	3	4	0	5
AT5G03040.1	2	1	1	1	1	1	0	0
AT5G03280.1	0	0	0	0	0	0	1	0
AT5G03290.1	2	1	2	2	2	1	1	0
AT5G03520.1	4	3	5	2	4	5	5	4
AT5G03740.1	0	1	0	1	0	0	0	1
AT5G03940.1	2	2	1	0	2	2	2	2
AT5G04140.2	0	0	1	0	2	1	1	0
AT5G04280.1	1	1	2	2	2	4	3	2
AT5G04430.2	4	2	3	5	4	6	6	5
AT5G04990.1	0	0	0	0	0	1	0	0
AT5G05000.2	0	6	0	3	0	2	2	2
AT5G05010.1	6	7	4	5	8	3	3	4
AT5G05170.1	3	2	1	0	1	0	0	1
AT5G06600.1	10	10	6	7	11	9	9	7
AT5G06970.1	1	1	0	0	0	0	0	0
AT5G07030.1	4	8	4	8	5	3	9	7
AT5G07340.2	1	0	1	0	1	1	1	0
AT5G07350.2	11	13	7	6	4	9	15	9
AT5G07530.1	6	5	9	8	7	5	12	12
AT5G08300.1	1	1	1	0	0	0	0	0
AT5G08450.1	0	0	0	0	0	1	1	0
AT5G08540.1	0	0	0	0	0	0	1	0
AT5G08610.1	2	1	0	1	1	2	1	1
AT5G08670.1	16	14	11	15	7	13	12	10
AT5G09510.1	6	10	6	5	7	7	9	5
AT5G09590.1	12	8	11	6	6	9	9	6
AT5G09660.4	8	10	8	8	7	10	7	8
AT5G09810.1	60	61	61	55	61	57	51	56
AT5G09880.1	0	2	2	0	1	1	2	2
AT5G09900.3	0	1	0	1	0	0	1	0
AT5G10060.1	0	1	0	0	0	0	0	0
AT5G10240.1	2	0	3	2	4	2	2	3
AT5G10360.1	15	12	8	10	14	15	15	12
AT5G10450.4	4	4	7	6	2	5	11	6
AT5G10470.2	1	1	2	0	2	1	2	0
AT5G10860.1	0	2	0	0	1	0	1	0
AT5G10960.1	1	0	0	0	0	0	0	1
AT5G11040.1	0	0	0	1	0	0	0	0
AT5G11170.1	1	2	2	1	3	2	2	2
AT5G11420.1	5	3	5	4	3	4	2	6
AT5G11770.1	0	1	1	1	0	2	0	0
AT5G12140.1	1	3	2	2	1	1	2	2
AT5G12250.1	48	56	39	41	40	43	58	46
AT5G12370.1	1	2	1	2	4	2	1	3
AT5G12430.1	0	0	0	0	0	0	0	1
AT5G12440.1	1	1	0	1	0	0	0	1
AT5G12950.1	3	4	2	0	5	3	5	2
AT5G12980.1	0	0	1	0	1	0	1	1
AT5G13000.1	0	0	0	1	0	0	0	0
AT5G13030.1	0	0	1	0	0	0	0	0
AT5G13110.1	3	2	3	2	3	2	2	3
AT5G13280.1	2	1	1	1	0	0	1	0
AT5G13430.1	0	0	0	0	0	0	0	1
AT5G13450.1	0	1	1	0	0	0	2	0
AT5G13490.1	18	19	22	22	15	15	17	19
AT5G13510.1	0	1	0	1	0	0	0	0
AT5G13530.1	12	9	5	9	8	7	12	10
AT5G13680.1	0	1	0	0	0	0	2	0
AT5G13780.1	2	2	2	1	3	3	1	1
AT5G13850.1	4	4	2	2	2	3	2	3
AT5G13870.1	1	1	1	1	1	1	1	1
AT5G14040.1	10	11	13	12	9	9	13	13
AT5G14060.1	2	2	2	2	0	0	0	0
AT5G14170.1	2	1	2	3	2	0	3	5
AT5G14320.1	2	1	1	0	0	0	0	0
AT5G14610.1	2	4	3	4	3	4	4	6
AT5G14740.1	8	8	7	7	9	9	8	9
AT5G15090.1	3	3	2	0	3	4	2	2
AT5G15200.1	17	16	16	16	13	18	14	19
AT5G15450.1	3	2	1	0	0	2	0	0
AT5G15490.1	10	8	6	7	5	3	7	5
AT5G15520.1	6	4	3	5	3	4	4	5
AT5G15650.1	6	7	4	4	1	4	7	4
AT5G16050.1	15	14	13	15	7	13	15	14
AT5G16070.1	10	8	5	11	8	11	6	9
AT5G16130.1	0	4	1	1	0	0	2	0
AT5G16280.1	1	0	0	0	0	0	0	0
AT5G16300.1	0	1	1	1	0	0	2	0
AT5G16780.1	0	0	1	0	0	0	0	0
AT5G16930.1	2	2	1	1	2	3	1	2
AT5G16960.1	2	3	1	2	2	2	5	3
AT5G17170.1	2	5	3	3	4	3	2	3
AT5G17580.1	0	0	0	0	0	0	1	0
AT5G17770.1	0	0	0	0	0	0	1	0
AT5G17920.1	18	17	17	19	7	17	22	10
AT5G18110.1	6	9	4	8	5	6	9	11
AT5G18230.2	2	1	0	0	0	2	1	0
AT5G18380.1	15	7	10	11	12	11	12	13
AT5G18410.1	1	1	1	1	1	0	0	2
AT5G18420.2	5	5	5	4	5	4	4	4
AT5G18550.1	1	1	2	2	1	0	2	2
AT5G18570.1	1	0	1	0	1	0	0	0
AT5G18580.1	0	0	0	0	0	0	1	0
AT5G19010.1	2	0	0	0	0	0	1	1
AT5G19290.1	0	0	0	0	1	1	0	0
AT5G19400.1	0	0	0	0	1	1	0	0
AT5G19510.1	10	12	6	9	3	5	9	7
AT5G19690.1	0	0	0	1	0	0	1	1
AT5G19760.1	12	11	13	9	8	10	14	13
AT5G19770.1-AT5G19780.1	48	47	48	52	46	44	64	54
AT5G19820.1	2	2	2	1	0	0	1	2
AT5G19940.1	0	0	0	0	0	0	1	0
AT5G19990.1	4	4	4	5	0	2	6	4
AT5G20010.1	5	4	3	2	3	5	1	3
AT5G20080.1	0	0	0	0	2	1	0	0
AT5G20290.1	9	6	8	6	7	9	10	8
AT5G20490.1	3	4	2	5	2	2	7	6
AT5G20570.2	0	0	0	2	0	0	0	0
AT5G20630.1	0	1	0	0	1	0	0	0
AT5G20650.1	0	0	0	0	1	0	0	0
AT5G20710.1	0	0	0	0	0	2	0	1
AT5G20720.1	0	2	1	0	0	2	0	0
AT5G20890.1	11	6	8	5	7	7	9	6
AT5G20920.1	2	2	0	0	1	1	2	4
AT5G20950.1	0	2	0	0	0	0	0	0
AT5G21160.3	0	3	0	0	1	0	2	0
AT5G22020.1	2	1	1	2	0	0	1	1
AT5G22060.1	15	25	16	19	16	15	21	16
AT5G22330.1	2	2	2	4	2	2	4	3
AT5G22650.1	1	2	1	4	3	1	5	4
AT5G22770.1	2	4	2	1	1	1	8	4
AT5G22880.1	9	13	14	12	16	20	10	14
AT5G23040.1	1	1	1	0	1	0	0	1
AT5G23060.1	6	10	7	10	8	7	12	8
AT5G23120.1	1	0	1	0	1	0	0	1
AT5G23210.1	0	1	0	0	0	0	1	0
AT5G23540.1	2	3	4	1	1	2	3	2
AT5G23580.1	0	0	0	2	1	1	1	1
AT5G23860.1	70	80	53	56	61	66	75	63
AT5G23940.1	0	2	1	1	1	2	1	2
AT5G24300.1	0	0	1	0	0	0	0	1
AT5G24490.1	1	1	0	1	2	2	1	1
AT5G24710.1	0	2	2	1	2	1	2	1
AT5G24780.1	12	14	12	10	10	10	14	13
AT5G25230.1	0	4	3	3	2	2	4	3
AT5G25754.1-AT5G25757.1	0	2	0	2	0	0	0	0
AT5G25980.2	53	56	64	66	71	82	84	87
AT5G26000.1	9	11	12	10	13	13	19	12
AT5G26210.1	1	1	1	1	1	1	1	1
AT5G26360.1	13	10	9	9	9	10	12	10
AT5G26710.1	2	2	3	1	0	1	4	1
AT5G26742.2	17	17	17	17	20	15	25	21
AT5G26830.1	1	3	1	2	0	1	1	1
AT5G27120.1	2	1	1	2	2	0	3	3
AT5G27450.1	0	0	2	0	0	0	1	0
AT5G27540.1	1	1	0	1	1	0	0	0
AT5G27640.2	8	5	7	2	3	3	7	4
AT5G27670.1	4	5	5	7	5	4	4	6
AT5G27700.1	0	0	0	0	0	2	1	0
AT5G27770.1	0	2	0	0	0	0	2	0
AT5G27850.1	10	10	10	11	12	11	6	8
AT5G28060.1	3	6	4	2	0	7	8	5
AT5G28500.1	0	1	0	1	0	1	1	0
AT5G28540.1	37	40	25	22	32	32	30	36
AT5G28640.1	0	0	0	0	0	0	0	1
AT5G28740.1	1	1	1	2	1	1	2	2
AT5G28840.1	5	5	5	4	3	4	6	6
AT5G28850.2	0	0	1	0	0	1	0	0
AT5G30510.1	5	6	5	5	6	6	6	5
AT5G33370.1	0	0	0	0	0	0	2	0
AT5G35180.4	0	0	0	1	0	0	0	0
AT5G35360.3	6	7	7	6	7	6	10	6
AT5G35430.1	3	5	3	3	3	2	8	7
AT5G35530.1	23	15	18	12	13	17	15	14
AT5G35590.1	1	1	1	1	0	0	1	1
AT5G35630.1	9	11	7	8	4	6	10	9
AT5G35790.1	2	1	2	1	2	1	2	1
AT5G36230.1	6	5	3	6	3	4	4	6
AT5G37600.1	3	6	2	2	0	1	3	2
AT5G37720.1	1	2	1	2	0	0	0	0
AT5G38410.3	24	14	16	14	9	13	19	17
AT5G38480.1	10	9	10	10	6	11	11	12
AT5G38660.1	0	0	0	0	0	0	0	1
AT5G39320.1	7	5	6	5	3	2	4	3
AT5G39730.1	12	10	14	14	14	17	13	14
AT5G40480.1	0	0	0	0	1	1	0	0
AT5G40490.1	0	3	6	3	9	10	9	8
AT5G40770.1	2	2	2	2	2	1	1	1
AT5G40950.1	1	0	0	1	0	0	1	0
AT5G41520.1	0	1	1	0	0	0	2	0
AT5G41670.1	5	6	3	5	6	6	8	6
AT5G41770.1	1	1	1	0	0	1	0	1
AT5G41790.1	27	19	22	24	4	4	8	6
AT5G41950.1	1	0	0	0	1	0	1	0
AT5G42020.1	37	41	24	23	32	33	29	37
AT5G42080.1	15	15	12	15	19	19	17	17
AT5G42270.1	3	4	1	5	2	2	0	2
AT5G42790.1	1	3	5	3	3	3	2	3
AT5G42950.1	25	28	30	22	41	36	36	44
AT5G42970.1	1	0	1	2	0	0	2	0
AT5G42980.1	0	1	0	0	1	1	0	0
AT5G43060.1	3	3	2	3	3	2	2	4
AT5G43830.1	0	0	1	0	1	1	1	1
AT5G43940.2	1	0	1	0	0	1	2	0
AT5G43960.1	2	4	4	4	9	17	7	5
AT5G43970.1	0	1	0	1	0	0	0	0
AT5G44320.1	0	1	1	1	1	2	1	1
AT5G44340.1	56	57	41	40	54	58	53	53
AT5G44635.1	0	0	0	0	0	0	0	1
AT5G44780.1	1	2	1	2	0	2	2	3
AT5G45280.2	0	1	0	0	2	1	0	0
AT5G45330.1	0	0	0	0	10	11	8	4
AT5G46070.1	0	2	0	0	0	1	0	1
AT5G46290.3	4	4	1	0	4	6	5	3
AT5G46430.1	3	3	0	1	2	1	2	1
AT5G46630.2	4	2	0	2	0	1	2	3
AT5G46750.1	1	2	1	1	1	1	1	1
AT5G46800.1	3	2	3	1	4	3	2	2
AT5G47010.1	3	2	4	5	5	5	17	13
AT5G47190.1	0	0	0	1	1	0	0	0
AT5G47200.1	4	2	4	3	1	2	3	2
AT5G47210.1	2	4	0	0	3	2	3	0
AT5G47690.3	1	0	0	0	0	0	0	0
AT5G47700.1	0	0	0	1	0	1	0	0
AT5G47930.1	6	4	6	3	4	6	4	4
AT5G48030.1	4	3	3	2	5	3	4	4
AT5G48180.1	2	1	0	0	0	0	0	0
AT5G48230.2	2	3	3	3	2	2	0	0
AT5G48300.1	2	1	2	4	0	2	0	1
AT5G48370.1	1	1	2	1	2	1	2	2
AT5G48375.1	7	7	11	10	11	10	13	12
AT5G48650.1	7	6	9	6	14	14	11	9
AT5G48760.1	11	7	7	8	7	6	7	10
AT5G48810.1	1	1	1	1	0	1	1	0
AT5G48880.2	7	6	6	4	5	3	9	3
AT5G48900.1	0	0	1	0	0	0	0	0
AT5G49220.1	0	0	0	0	0	0	0	1
AT5G49360.1	0	0	0	0	0	0	0	3
AT5G49460.1	16	16	10	12	10	14	10	12
AT5G49830.2	0	0	2	0	0	0	0	0
AT5G49910.1	15	17	11	10	12	14	12	10
AT5G49980.1	0	0	0	0	0	0	1	0
AT5G50320.1	0	0	0	0	0	0	1	0
AT5G50350.1	0	0	1	0	0	0	0	0
AT5G50840.2	0	0	0	0	0	0	1	0
AT5G50850.1	1	3	2	2	2	3	3	2
AT5G50920.1	23	26	22	24	15	17	17	25
AT5G50950.1	0	1	0	0	0	1	1	1
AT5G51660.1	0	1	0	1	1	2	1	0
AT5G51750.1	3	3	3	2	2	1	5	3
AT5G51980.2	0	0	0	0	1	0	1	0
AT5G52240.1	0	0	0	0	0	1	0	0
AT5G52520.1	0	0	1	0	0	0	0	0
AT5G52650.1	3	3	2	2	3	4	3	3
AT5G52840.1	4	4	4	1	3	2	1	5
AT5G52920.1	0	2	1	2	0	0	2	1
AT5G53330.1	0	0	0	0	1	1	0	2
AT5G53620.1	4	6	4	6	7	10	6	7
AT5G54160.1	2	0	3	3	0	0	1	0
AT5G54270.1	8	7	10	7	6	8	8	7
AT5G54430.1	0	0	0	0	0	0	0	1
AT5G54570.1	1	0	0	0	0	0	0	0
AT5G54600.1	2	3	2	4	2	2	5	2
AT5G54770.1	1	1	2	2	2	4	3	1
AT5G54900.1	0	1	2	3	2	3	4	3
AT5G55220.1	1	2	2	1	1	0	0	1
AT5G55660.1	0	0	1	0	1	0	0	1
AT5G55670.1	2	2	3	3	2	2	2	3
AT5G55730.1	2	3	3	3	3	4	4	3
AT5G55920.1	1	1	1	0	0	0	1	0
AT5G56000.1	55	41	41	39	30	38	34	31
AT5G56010.1	66	50	50	49	34	49	36	42
AT5G56030.2	62	50	48	46	34	48	36	41
AT5G56130.1	1	1	1	1	0	0	1	1
AT5G56350.1	0	2	4	2	2	0	6	2
AT5G56630.1	1	2	1	2	2	3	4	2
AT5G56730.1	0	0	0	1	0	0	0	0
AT5G57030.1	1	0	0	0	0	0	0	0
AT5G57110.1	0	1	0	0	1	1	2	0
AT5G57370.1	0	0	1	0	0	1	0	0
AT5G57800.1	1	0	2	1	0	1	2	0
AT5G57850.1	0	0	1	0	0	0	0	0
AT5G57870.1	4	8	5	5	3	5	5	8
AT5G58040.1	0	0	1	0	0	0	0	1
AT5G58290.1	7	5	7	5	2	3	6	7
AT5G58330.1	2	3	0	1	2	2	1	1
AT5G58440.1	0	0	0	0	0	0	1	0
AT5G58470.1	0	0	2	0	4	6	2	1
AT5G59840.1	4	5	5	3	5	5	5	5
AT5G59880.1	11	11	13	12	11	10	14	14
AT5G59890.1	5	6	5	4	4	4	6	4
AT5G60160.1	0	0	0	0	0	0	1	0
AT5G60210.1	2	1	1	2	0	1	0	1
AT5G60640.1	1	0	0	1	0	2	0	0
AT5G60790.1	6	11	6	7	6	4	6	11
AT5G60960.1	1	0	1	0	1	1	1	1
AT5G60980.2	1	2	2	2	0	1	2	1
AT5G61020.1	13	13	13	14	8	5	25	17
AT5G61170.1	7	4	3	4	3	5	4	6
AT5G61780.1	11	12	11	9	13	13	13	11
AT5G61840.1	0	0	0	0	0	0	1	0
AT5G61960.1	0	0	0	0	0	1	0	2
AT5G61970.1	0	1	1	2	1	0	1	0
AT5G62190.1	2	2	2	2	1	0	2	3
AT5G62200.1	0	1	0	1	1	0	1	2
AT5G62270.2	1	0	1	0	1	0	1	2
AT5G62340.1	0	1	0	0	1	0	0	0
AT5G62350.1	0	1	0	0	1	0	0	0
AT5G62390.1	13	17	12	12	10	10	13	11
AT5G62670.1	6	3	3	4	3	4	3	7
AT5G62690.1-AT5G62700.1	98	105	78	77	87	91	96	85
AT5G62790.2	0	0	0	1	0	0	0	0
AT5G62810.1	1	1	0	0	1	0	0	0
AT5G63120.2	2	2	4	3	2	3	5	6
AT5G63140.1	0	0	0	0	0	0	1	0
AT5G63190.1	1	1	1	1	1	1	1	1
AT5G63260.2	1	2	3	4	2	3	5	3
AT5G63400.1	1	1	0	0	0	0	0	0
AT5G63420.1	0	1	2	0	1	0	0	1
AT5G64040.2	0	2	0	2	1	1	1	0
AT5G64130.3	0	0	1	0	0	0	0	0
AT5G64260.1	1	1	0	1	1	1	1	1
AT5G64330.1	0	0	0	1	0	0	0	0
AT5G64960.1	0	0	1	1	1	0	1	2
AT5G65010.2	2	0	2	1	3	1	0	1
AT5G65020.1	0	0	0	0	0	0	1	0
AT5G65220.1	2	3	3	0	4	3	4	2
AT5G65260.1	0	0	0	0	0	0	1	0
AT5G65350.1	0	2	1	2	2	2	2	1
AT5G65430.3	4	5	5	5	0	4	8	4
AT5G65720.1	3	2	1	3	2	1	2	1
AT5G65810.1	0	0	0	1	0	0	0	0
AT5G65940.1	0	0	0	0	1	0	0	0
AT5G66200.1	0	0	0	0	0	1	1	0
AT5G66470.1	2	1	2	0	2	1	0	1
AT5G66510.2	0	0	0	0	0	0	1	0
AT5G66570.1	4	4	7	2	1	6	5	1
AT5G66680.1	2	3	1	0	1	2	0	3
AT5G66760.1	4	3	3	1	5	4	5	2
AT5G66860.1	1	1	0	0	0	0	1	0
AT5G67500.2	0	0	0	0	0	0	0	1
AT5G67510.1	1	1	1	1	0	1	1	0
AT5G67530.1	0	0	0	0	0	0	1	0
AT5G67630.1	6	9	6	6	3	3	11	3
ATCG00020.1	17	15	15	14	11	13	10	16
ATCG00065.1-ATCG01230.1-ATCG00905.1	2	2	0	1	2	1	2	2
ATCG00120.1	21	18	17	15	13	11	19	15
ATCG00130.1	0	2	1	1	1	0	2	0
ATCG00160.1	2	0	2	0	2	2	0	3
ATCG00170.1	0	0	0	0	1	0	0	0
ATCG00180.1	1	0	0	0	0	0	0	0
ATCG00190.1	0	1	0	2	1	1	1	1
ATCG00270.1	8	7	8	7	5	4	9	6
ATCG00280.1	12	10	10	7	11	12	8	8
ATCG00330.1	1	1	2	2	2	2	0	1
ATCG00340.1	1	1	1	0	0	2	1	0
ATCG00380.1	5	4	4	4	5	5	5	5
ATCG00480.1	34	32	31	36	24	33	37	22
ATCG00490.1	120	139	118	115	99	120	123	109
ATCG00500.1	4	4	3	4	3	5	7	2
ATCG00520.1	0	1	0	0	0	0	1	0
ATCG00540.1	0	0	4	2	2	0	3	0
ATCG00580.1	0	0	0	1	0	2	0	0
ATCG00660.1	0	0	1	0	0	0	0	0
ATCG00670.1	1	0	2	1	0	0	1	1
ATCG00680.1	21	20	20	24	8	13	12	16
ATCG00740.1	2	2	2	2	2	4	2	2
ATCG00750.1	3	2	4	2	2	2	3	3
ATCG00770.1	2	3	5	3	5	3	4	3
ATCG00780.1	4	6	6	5	6	7	6	7
ATCG00790.1	3	4	3	2	3	3	4	4
ATCG00800.1	4	3	3	4	2	3	5	4
ATCG00820.1	0	1	0	0	0	1	0	0
ATCG00830.1-ATCG01310.1	0	0	1	0	1	1	4	3
ATCG01130.1-ATCG01000.1	0	0	1	0	0	0	0	0
ATCG01240.1-ATCG00900.1	4	4	2	3	3	2	7	3
ATMG00070.1	2	4	2	2	2	1	3	3
ATMG00510.1	4	4	2	4	3	3	3	3