accession	F016864_2014_S17_control_C1	F016865_2014_S17_control_C2	F016867_2014_S17_URT1_H1	F016878_2014_S25_control_C5	F016880_2014_S25_URT1_H5	F016882_2015_S12_CTRL_1	F016883_2015_S12_CTRL_2	F016884_2015_S12_CTRL_3	F016886_2015_S12_URT1_myc2	F016887_2015_S12_URT1_myc3
AT1G01080.2	0	0	2	0	0	0	0	0	0	0
AT1G01170.1	0	0	0	0	0	2	1	0	0	0
AT1G01300.1	1	0	0	0	0	0	0	6	10	3
AT1G01320.1	3	3	2	0	0	0	0	0	0	0
AT1G01510.1	2	4	0	0	0	0	2	0	0	0
AT1G01620.1	0	5	1	0	0	4	8	10	14	8
AT1G01820.1	0	0	0	0	0	0	3	0	0	0
AT1G02280.1	3	0	2	0	0	1	0	0	0	0
AT1G02500.1	0	0	0	0	0	0	2	0	0	0
AT1G02840.1	0	2	0	0	0	0	1	0	0	0
AT1G03130.1	0	0	0	0	0	0	2	0	0	0
AT1G03910.2	0	0	0	0	0	0	1	0	0	0
AT1G04270.1	1	0	1	0	0	0	0	0	0	2
AT1G04480.1-AT2G33370.1-AT3G04400.1	0	1	0	0	0	0	0	0	0	0
AT1G04750.1	0	0	0	0	0	0	4	3	0	0
AT1G04820.1-AT1G50010.1	0	0	0	0	0	6	5	4	5	7
AT1G05190.1	2	2	5	0	0	0	0	0	0	0
AT1G06190.1	0	0	0	0	1	0	0	0	0	0
AT1G06220.2	0	0	0	0	0	0	1	0	0	1
AT1G06900.1	0	0	0	0	0	0	0	6	0	0
AT1G07320.1	1	2	3	0	0	0	0	0	0	0
AT1G07360.1	0	0	0	0	0	0	0	0	0	1
AT1G07660.1-AT1G07820.1-AT2G28740.1-AT3G45930....	1	0	0	0	0	0	6	0	2	0
AT1G07790.1	0	0	0	0	0	1	9	5	4	0
AT1G07920.1-AT1G07930.1-AT1G07940.1-AT5G60390....	4	7	8	0	4	4	26	27	27	32
AT1G08730.1	0	0	0	0	0	0	0	0	4	4
AT1G08880.1	0	0	0	0	0	0	1	0	2	2
AT1G09340.1	0	0	0	0	3	0	0	0	0	0
AT1G09760.1	0	0	0	0	0	0	2	0	0	0
AT1G10290.1	4	0	0	0	0	3	9	10	9	1
AT1G10630.1	0	1	0	0	0	0	0	0	0	0
AT1G10840.1	2	0	0	0	0	0	0	0	0	0
AT1G10870.1	0	0	0	0	0	0	1	0	0	0
AT1G11410.1	0	0	0	0	0	0	2	0	0	0
AT1G12310.1	0	0	1	0	0	0	2	0	4	4
AT1G12830.1	0	0	0	0	0	2	0	3	4	5
AT1G12840.1	0	0	0	0	0	14	76	65	0	0
AT1G12900.1	5	5	8	0	6	0	2	0	4	3
AT1G13020.1	0	0	0	0	1	0	0	0	0	0
AT1G13270.1	0	0	0	0	1	0	2	3	3	0
AT1G13690.1	0	0	0	0	0	0	0	0	0	1
AT1G14320.1	0	1	0	0	0	0	1	0	0	0
AT1G14410.1	0	2	0	0	0	0	0	0	0	0
AT1G14610.1	0	0	0	0	0	2	13	23	3	9
AT1G14830.1	0	0	0	0	0	0	4	2	0	0
AT1G15690.1	0	0	0	0	0	101	123	110	0	2
AT1G15780.1	0	0	0	0	0	0	2	0	0	0
AT1G15820.1	0	0	4	0	0	3	4	10	0	0
AT1G16010.2	0	0	0	0	0	0	3	0	0	0
AT1G16020.1	0	3	0	0	0	0	0	0	0	0
AT1G16030.1	0	6	3	0	0	3	13	12	20	17
AT1G16720.1	0	0	1	0	0	0	0	0	0	0
AT1G16810.1	0	0	0	0	0	1	2	0	0	0
AT1G18040.1	0	0	0	0	0	0	2	0	0	0
AT1G18210.1	0	0	0	0	0	0	5	0	0	0
AT1G18540.1	0	2	2	0	0	0	2	0	3	2
AT1G19360.1	0	0	0	0	0	0	1	0	0	0
AT1G19880.1	0	0	0	0	0	1	0	5	19	6
AT1G19910.1	0	0	0	0	0	0	6	0	0	0
AT1G20010.1	0	1	3	0	0	3	6	2	11	8
AT1G20020.1	0	9	13	0	0	0	4	5	0	2
AT1G20050.1	0	0	0	0	0	0	4	0	0	0
AT1G20130.1	0	0	0	0	0	0	4	5	1	0
AT1G20220.1	2	0	0	0	2	0	0	0	1	2
AT1G20260.1	0	0	0	0	0	71	258	246	3	0
AT1G20440.1	9	5	7	1	0	0	0	2	0	0
AT1G20450.1	9	8	3	1	0	0	0	0	0	0
AT1G20620.1	0	4	0	0	0	4	9	4	0	0
AT1G20693.1	0	0	0	0	0	3	2	0	4	4
AT1G20920.1	0	0	0	0	0	0	0	0	11	0
AT1G20960.1	0	0	0	0	0	0	2	0	0	0
AT1G22060.1	4	0	0	0	0	0	26	24	0	0
AT1G22780.1-AT1G34030.1-AT4G09800.1	2	1	0	0	0	2	1	0	4	4
AT1G23230.1	0	0	0	0	0	0	2	0	0	0
AT1G23410.1	0	0	0	0	3	10	6	19	19	16
AT1G23860.1	0	0	0	0	0	0	0	0	3	0
AT1G24020.1	0	0	0	0	0	2	2	0	0	0
AT1G26110.1	0	0	0	0	5	0	0	0	4	16
AT1G26630.1	0	0	0	0	2	0	1	1	1	2
AT1G26850.1	0	0	0	0	0	0	6	7	0	0
AT1G26880.1	0	0	1	0	0	0	0	0	0	0
AT1G27090.1	0	0	4	0	1	0	5	3	9	18
AT1G27400.1	0	0	0	0	0	0	2	0	0	0
AT1G28060.1	0	0	0	0	0	0	3	0	5	2
AT1G28340.1	0	0	0	0	0	0	2	0	0	0
AT1G29250.1	0	0	0	0	0	0	5	3	15	16
AT1G29910.1-AT1G29920.1	4	6	5	0	7	6	9	21	1	4
AT1G29990.1	0	0	0	0	0	0	5	0	0	0
AT1G30360.1	0	0	0	0	0	1	16	12	0	0
AT1G30400.1	0	0	0	0	0	1	10	6	0	0
AT1G30460.1	0	0	0	0	0	0	0	0	1	0
AT1G31070.2	0	0	0	0	0	0	6	6	0	0
AT1G31330.1	4	5	5	7	28	0	0	0	0	0
AT1G31850.1	0	0	0	0	0	0	2	2	0	0
AT1G31970.1	0	0	0	0	0	0	1	0	4	0
AT1G32790.2	0	0	0	0	0	0	0	0	0	2
AT1G32990.1	1	0	3	0	0	0	0	0	0	0
AT1G33170.1	0	0	0	0	0	0	7	9	0	0
AT1G33680.1	0	0	0	0	0	0	1	0	3	6
AT1G35680.1	0	0	3	0	0	0	0	0	0	0
AT1G42970.1	6	6	5	0	1	0	2	0	3	3
AT1G43170.1	0	0	0	0	0	0	2	0	0	0
AT1G44575.1	0	0	2	0	0	0	0	0	0	0
AT1G44910.1	0	0	0	0	0	0	1	0	0	0
AT1G47200.1	0	0	0	0	0	0	2	4	0	0
AT1G47550.2	0	0	0	0	0	2	5	12	12	10
AT1G48130.1	0	2	0	0	0	0	0	0	0	0
AT1G48350.1	2	0	2	0	0	0	0	0	0	0
AT1G48410.2	0	0	0	0	0	0	3	3	4	5
AT1G48480.1	0	0	0	0	0	0	5	2	0	0
AT1G48760.1	0	0	0	0	1	0	0	0	1	0
AT1G48920.1	4	2	3	0	0	19	21	27	37	37
AT1G49760.1	0	0	1	0	0	0	0	0	4	2
AT1G52000.1	0	0	0	0	0	4	20	10	0	0
AT1G52030.2	0	0	0	0	0	36	198	149	0	1
AT1G52040.1	0	0	0	0	0	26	122	90	0	0
AT1G52400.1	0	0	0	0	0	126	252	197	16	13
AT1G52570.1	0	0	1	0	0	3	41	8	128	8
AT1G53070.1	0	0	0	0	0	0	3	0	22	0
AT1G53210.1	0	0	0	0	0	11	22	19	0	0
AT1G54000.1	0	0	0	0	0	4	26	12	0	0
AT1G54010.1	0	0	0	0	0	5	41	25	0	0
AT1G54020.2	0	0	0	0	0	12	42	32	0	0
AT1G54030.1	0	0	0	0	0	0	2	0	0	0
AT1G54270.1	3	2	3	0	0	1	3	9	5	8
AT1G54410.1	2	5	5	0	0	3	6	14	9	5
AT1G55080.1	0	1	0	0	0	0	0	0	0	0
AT1G55160.3	0	0	0	0	0	1	3	3	0	0
AT1G55210.1	0	0	0	0	0	0	1	0	0	0
AT1G55325.2	0	0	0	0	0	0	4	0	0	0
AT1G55490.1	0	0	4	0	0	0	0	0	4	3
AT1G56070.1	0	0	0	0	0	0	2	3	2	6
AT1G56110.1	0	0	0	0	0	3	18	11	23	17
AT1G56190.1	0	0	1	0	0	0	0	0	0	0
AT1G56410.1	2	11	12	0	1	9	26	25	31	36
AT1G58270.1	0	0	0	0	0	0	4	0	0	0
AT1G58380.1	0	0	0	0	0	0	2	0	0	2
AT1G59610.1	5	0	0	0	0	1	4	8	9	3
AT1G60160.1	0	0	0	0	0	0	2	0	0	0
AT1G61520.1	0	0	2	0	0	0	1	0	0	0
AT1G61790.1	0	0	0	0	0	0	0	1	0	0
AT1G62020.1	0	1	0	0	0	0	0	0	0	0
AT1G62820.1	0	0	0	0	0	0	2	0	0	0
AT1G64330.1	0	14	2	0	0	1	9	11	9	6
AT1G65290.1	0	0	0	0	0	0	1	0	0	0
AT1G66070.1	2	4	0	0	0	13	28	25	0	0
AT1G66410.2	0	0	0	0	0	0	2	0	0	0
AT1G66580.1	0	1	0	0	0	0	1	0	0	0
AT1G67090.1	1	0	6	0	1	2	0	0	0	0
AT1G67700.2	0	0	0	0	1	0	0	0	0	0
AT1G67730.1	0	0	0	0	0	1	1	0	0	0
AT1G68560.1	0	0	0	0	0	0	5	6	0	1
AT1G69840.1	0	0	0	0	0	0	2	3	0	0
AT1G70710.1	0	0	0	0	0	1	4	4	4	4
AT1G71695.1	0	0	0	0	0	0	9	6	6	2
AT1G72150.1	0	0	2	0	0	0	0	0	0	0
AT1G72370.1	1	2	4	0	0	0	0	3	1	3
AT1G72730.1	3	2	3	0	0	1	3	9	5	8
AT1G73650.3	0	0	0	0	0	0	2	0	0	0
AT1G73960.1	0	0	0	0	0	0	0	0	10	3
AT1G74050.1	0	2	3	0	0	0	2	0	3	2
AT1G75350.1	0	1	2	0	0	0	0	0	0	0
AT1G75660.1	0	0	0	0	0	0	0	0	3	0
AT1G75680.1	0	0	0	0	0	0	8	5	0	0
AT1G75780.1	0	1	2	0	0	3	6	3	13	10
AT1G75910.1	0	0	0	0	0	4	14	13	18	10
AT1G75930.1	0	0	0	0	0	0	1	4	0	0
AT1G75940.1	0	0	0	0	0	4	0	5	7	5
AT1G76010.1	0	0	3	0	0	2	5	4	4	3
AT1G76180.1	33	35	21	10	2	0	0	3	0	3
AT1G78900.1	0	0	0	0	0	85	295	251	3	6
AT1G78920.1	0	0	0	0	0	0	1	0	0	0
AT1G79200.1	0	0	0	0	0	0	0	0	4	0
AT1G79530.1	0	0	0	0	0	1	0	1	2	0
AT1G79850.1	0	0	0	0	1	0	0	0	0	0
AT1G79940.1	0	6	0	0	0	0	0	0	0	2
AT1G80070.1	0	0	0	0	0	0	3	0	0	2
AT1G80230.1	0	0	0	0	0	0	1	0	0	0
AT1G80410.2	0	0	2	0	1	1	18	8	12	6
AT1G80660.1	0	2	0	0	0	4	4	4	1	1
AT1G80750.1	0	0	0	0	0	0	2	0	0	0
AT1G80840.1	0	0	0	0	0	0	16	0	0	0
AT2G01210.1	0	0	0	0	1	0	0	0	0	0
AT2G01470.1	0	0	0	0	0	0	4	3	0	0
AT2G02740.1	0	4	0	0	0	0	0	0	0	0
AT2G03510.1	0	0	0	0	0	0	3	3	0	0
AT2G04030.1	0	0	0	0	0	0	0	2	0	0
AT2G04520.1	0	0	0	0	0	0	0	0	3	0
AT2G04842.1	0	0	0	0	2	0	0	0	0	0
AT2G05070.1	1	2	2	0	4	3	0	10	0	0
AT2G05920.1	0	0	0	0	0	0	0	0	0	1
AT2G06850.1	0	0	0	0	1	0	4	0	1	0
AT2G07560.1	0	0	0	0	0	4	2	3	0	0
AT2G07680.1	0	0	0	0	0	0	2	0	0	0
AT2G07698.1	0	0	4	0	0	1	0	3	0	0
AT2G10940.1	1	1	1	0	0	0	2	0	0	0
AT2G17265.1	8	13	1	2	0	8	101	82	0	0
AT2G17360.1	3	3	3	0	0	0	0	2	0	2
AT2G17560.1	0	0	0	0	0	0	1	3	0	1
AT2G18020.1	0	0	2	0	0	0	0	2	4	3
AT2G18040.1	0	0	0	0	0	0	0	0	1	0
AT2G18330.1	0	0	0	0	0	0	2	0	0	0
AT2G18510.1	0	0	0	0	0	0	0	0	3	0
AT2G18790.1	0	0	0	0	0	0	30	41	0	0
AT2G18960.1	0	3	2	0	0	5	27	24	5	6
AT2G19480.1	0	0	0	0	0	7	0	16	12	20
AT2G19520.1	0	0	0	0	0	0	0	0	1	0
AT2G19830.1	2	0	0	0	0	0	0	0	0	0
AT2G21160.1	0	0	0	0	0	0	2	0	0	0
AT2G21330.1	0	0	3	0	0	0	0	0	0	0
AT2G21390.1	0	1	0	0	0	0	0	0	0	0
AT2G21410.1	0	0	0	0	0	38	98	80	0	0
AT2G21660.1	0	2	2	0	2	0	7	7	18	24
AT2G23350.1	0	0	0	0	0	0	4	4	8	9
AT2G24520.1	0	1	2	0	0	3	6	5	0	0
AT2G25890.1	0	0	0	0	0	4	5	13	2	3
AT2G27030.3-AT3G56800.1	0	0	0	0	0	0	3	0	0	0
AT2G28000.1	0	0	0	0	0	0	0	0	4	5
AT2G28790.1	0	0	0	0	0	0	1	3	0	0
AT2G28900.1	0	0	0	0	0	1	7	4	0	0
AT2G29500.1	0	1	0	0	0	0	0	0	0	0
AT2G29550.1	0	0	3	0	0	0	6	9	14	12
AT2G29900.1	0	0	0	0	0	0	2	2	0	0
AT2G30050.1	0	0	0	0	0	0	9	4	0	0
AT2G31610.1	1	2	1	0	0	0	0	0	1	1
AT2G32920.1	0	0	0	0	0	0	1	0	2	0
AT2G32950.1	0	0	0	0	0	0	1	0	0	0
AT2G33210.1	0	0	0	0	0	0	0	0	2	2
AT2G33340.1	0	0	0	0	0	0	0	2	1	0
AT2G33800.1	2	1	4	0	2	0	0	0	0	1
AT2G34160.1	0	0	0	0	0	0	1	0	4	4
AT2G34420.1	4	6	5	0	7	6	5	18	1	4
AT2G34660.1	0	0	0	0	0	0	6	3	0	0
AT2G34810.1	0	0	0	0	0	0	0	0	3	4
AT2G35020.1	0	0	0	0	0	0	7	4	0	0
AT2G36160.1	4	4	4	0	0	0	0	0	2	0
AT2G36830.1	0	0	0	0	0	0	4	0	0	0
AT2G36880.1	0	0	0	0	0	0	2	0	0	0
AT2G37190.1	3	1	0	0	0	2	2	0	0	0
AT2G37220.1	0	2	0	0	0	0	0	0	0	0
AT2G37230.1	0	0	0	0	0	4	0	0	0	0
AT2G37270.1	0	0	0	0	0	0	2	0	0	0
AT2G37620.1-AT3G53750.1	0	2	1	0	0	2	3	4	6	5
AT2G37690.1	21	78	29	31	3	12	63	78	0	0
AT2G38170.3	0	0	0	0	0	4	4	4	0	0
AT2G38410.1	0	0	0	0	2	0	0	0	0	0
AT2G38540.1	0	0	1	0	1	0	0	0	0	0
AT2G38580.1	0	0	0	0	0	0	5	0	7	1
AT2G38810.1	0	0	0	0	0	0	1	0	2	2
AT2G39310.1	0	0	0	0	0	6	10	11	0	0
AT2G39330.1	0	0	0	0	0	26	93	62	0	0
AT2G39460.1	2	3	2	0	0	0	1	0	2	0
AT2G39730.1	3	6	8	0	3	1	2	2	2	6
AT2G39990.1	0	0	2	0	0	0	0	0	0	0
AT2G40510.1	1	1	0	0	0	0	0	0	0	0
AT2G41840.1	0	0	0	0	0	0	3	0	2	4
AT2G42100.1	0	2	0	0	0	0	0	0	2	0
AT2G42520.1	0	0	10	0	2	0	14	11	16	19
AT2G42740.1	1	3	2	0	0	0	2	0	4	0
AT2G42800.1	0	0	0	0	0	2	8	0	0	0
AT2G43030.1	1	2	4	0	0	2	1	0	2	2
AT2G43070.1	0	0	0	0	0	0	1	0	0	0
AT2G44640.1	1	0	0	0	0	0	3	3	0	0
AT2G45140.1	0	0	0	0	0	0	1	3	0	0
AT2G45620.1	0	0	80	0	99	0	0	0	248	324
AT2G45810.1	0	0	0	0	3	0	3	0	9	11
AT2G45960.3	2	7	3	0	0	4	8	12	12	10
AT2G46280.1	3	3	2	0	0	0	0	0	0	0
AT2G47470.1	0	3	6	0	4	5	28	31	18	21
AT2G47800.1	0	0	0	0	0	9	15	11	0	0
AT3G01280.1	0	0	0	0	0	0	7	14	0	0
AT3G01340.1	0	0	0	0	0	0	4	5	0	0
AT3G01390.1	0	0	0	0	0	18	45	52	0	0
AT3G01540.2	0	0	0	0	1	0	2	0	7	5
AT3G01670.1	0	0	0	0	0	15	54	45	0	0
AT3G01680.1	0	0	0	0	0	5	46	31	0	0
AT3G01930.2	0	0	0	0	0	0	2	0	0	0
AT3G02050.1	0	0	0	0	0	0	2	0	0	0
AT3G02090.2	0	0	0	0	0	0	0	3	0	0
AT3G03640.1	0	0	0	0	0	0	1	0	0	0
AT3G03780.1	0	1	3	0	0	0	1	0	0	0
AT3G03920.1	0	0	0	0	0	0	4	0	0	0
AT3G04120.1	3	9	5	0	0	1	4	6	8	6
AT3G04740.1	1	0	0	0	0	0	5	0	3	0
AT3G05060.1	0	0	0	0	0	0	20	15	26	6
AT3G05560.1	1	1	1	0	1	1	0	0	0	0
AT3G05590.1	0	0	2	0	0	0	2	0	0	0
AT3G06480.1	0	0	0	0	3	0	0	0	4	2
AT3G06510.2	0	0	0	0	2	0	0	0	0	0
AT3G06610.1	0	0	0	0	0	0	4	4	3	0
AT3G07020.2	0	2	0	0	0	0	0	0	0	0
AT3G07590.1	0	0	0	0	0	0	3	0	0	0
AT3G07770.1	0	0	0	0	0	0	3	4	0	0
AT3G08510.1	0	0	0	0	0	0	2	0	0	0
AT3G08530.1	0	0	2	0	0	0	0	0	0	0
AT3G08560.1	0	0	0	0	0	11	10	13	0	0
AT3G08580.1	0	6	6	0	0	11	10	18	3	8
AT3G08940.2	0	0	0	0	1	0	1	3	0	0
AT3G09180.1	1	0	0	0	0	0	0	0	0	0
AT3G09440.1	3	13	18	0	1	7	37	33	39	45
AT3G09630.1	0	0	3	0	0	0	1	0	0	2
AT3G10090.1-AT5G03850.1	0	0	2	0	0	0	0	0	0	0
AT3G11130.1	0	0	2	0	0	0	0	0	0	0
AT3G11510.1	4	3	6	0	0	0	1	0	2	0
AT3G11710.1	0	0	0	0	0	3	23	34	14	20
AT3G11940.1	2	0	0	0	0	0	4	2	2	2
AT3G12110.1	1	3	2	0	0	4	4	5	7	5
AT3G12145.1	0	0	0	0	0	0	17	9	9	6
AT3G12390.1	0	0	2	0	0	0	0	0	2	2
AT3G12580.1	2	14	14	0	1	7	31	29	34	39
AT3G12780.1	0	0	2	0	0	0	0	0	0	0
AT3G13460.1	0	0	0	0	0	0	0	0	3	7
AT3G13470.1	0	0	4	0	0	0	0	0	4	3
AT3G13570.1	0	0	0	0	0	0	2	0	0	0
AT3G13920.2	3	2	3	0	0	1	3	9	5	8
AT3G14110.3	0	0	0	0	0	3	1	0	0	0
AT3G14210.1	1	5	0	0	0	20	98	70	0	0
AT3G14220.1	0	0	0	0	0	0	5	1	0	0
AT3G14310.1	0	0	1	0	5	0	3	0	0	0
AT3G14590.2	0	0	0	0	0	0	0	0	0	3
AT3G15010.1	0	0	0	0	0	0	2	0	2	2
AT3G15356.1	0	0	0	9	20	0	0	0	0	0
AT3G15730.1	2	3	8	0	0	19	163	53	461	46
AT3G16240.1	0	0	0	0	0	0	28	22	0	0
AT3G16470.1	0	1	0	0	0	40	152	89	0	0
AT3G16530.1	0	0	0	1	7	0	0	0	0	0
AT3G16640.1	0	0	0	0	0	0	1	0	0	0
AT3G17390.1	0	0	0	0	0	0	2	0	0	0
AT3G17840.1	0	0	0	0	0	0	3	0	0	0
AT3G18570.1	0	0	0	0	0	1	0	10	0	0
AT3G18780.2	0	2	2	0	0	2	1	1	3	2
AT3G18890.1	0	3	0	0	0	0	0	0	0	0
AT3G19760.1	4	1	2	0	0	0	0	0	1	0
AT3G19820.1	0	0	0	0	0	2	17	5	0	0
AT3G19860.2	0	0	0	0	0	0	0	3	0	0
AT3G20000.1	0	0	0	0	0	0	2	0	0	0
AT3G20820.1	1	2	6	0	0	4	8	13	13	13
AT3G21370.1	0	0	0	0	0	6	22	11	1	0
AT3G22330.1	0	0	0	0	0	0	3	3	9	7
AT3G22520.1	0	0	0	1	0	0	2	3	0	0
AT3G23450.1	0	0	0	0	0	2	0	6	4	4
AT3G23730.1	0	0	0	0	1	0	2	0	0	0
AT3G23810.1	0	4	0	0	0	0	0	0	0	0
AT3G23990.1	0	0	0	0	0	0	0	0	2	4
AT3G25150.2	0	0	0	0	0	0	0	0	3	5
AT3G25220.1	0	0	0	0	0	0	7	3	2	3
AT3G25230.2	0	0	0	0	0	0	1	0	0	0
AT3G25520.1	0	0	0	0	0	0	2	0	0	0
AT3G25920.1	0	2	6	0	0	0	0	0	0	0
AT3G26420.1	0	0	0	0	0	0	0	0	0	1
AT3G26520.1	0	0	0	0	0	9	16	10	0	0
AT3G26650.1	6	5	10	0	6	0	2	0	4	3
AT3G27020.1	0	0	0	0	0	0	6	0	0	0
AT3G27830.1	3	3	4	0	0	0	1	0	2	0
AT3G28220.1	0	0	0	0	0	11	43	23	0	0
AT3G28710.1	0	0	0	0	0	9	81	63	0	0
AT3G28715.1	0	0	0	0	0	9	80	62	0	0
AT3G28730.1	0	0	0	0	0	0	0	0	3	0
AT3G28860.1	0	0	0	0	0	0	1	0	0	0
AT3G29075.1	2	0	2	0	0	0	6	0	32	2
AT3G42050.1	0	0	0	0	0	14	49	37	0	0
AT3G44750.1	0	0	0	0	0	1	0	0	9	4
AT3G44890.1	0	2	6	0	0	0	2	3	0	2
AT3G45030.1-AT5G62300.1	1	2	3	0	0	0	2	0	0	0
AT3G46520.1	1	3	2	0	0	4	4	5	7	5
AT3G46740.1	6	4	2	0	0	3	13	13	0	0
AT3G46780.1	2	5	8	0	0	0	0	0	0	0
AT3G47370.2	1	2	3	0	0	0	2	0	0	0
AT3G47470.1	0	0	2	0	5	0	0	0	0	0
AT3G47520.1	0	0	2	0	0	0	0	0	0	0
AT3G48870.1	0	0	5	0	0	0	0	0	0	0
AT3G49430.1	0	2	0	0	0	0	2	0	3	0
AT3G49470.1	0	0	0	0	0	0	0	0	0	2
AT3G49720.1	0	0	0	0	2	0	4	5	0	0
AT3G49990.1	0	0	0	0	0	3	3	0	5	0
AT3G50370.1	0	0	0	0	0	0	0	0	0	1
AT3G50730.1	0	0	0	0	0	0	2	0	0	0
AT3G50820.1	0	0	0	0	0	2	6	11	0	0
AT3G51600.1	2	0	0	0	0	0	0	0	0	0
AT3G51800.2	0	0	2	0	0	0	0	0	0	0
AT3G51880.2	0	0	0	0	0	0	0	0	3	3
AT3G52140.4	0	0	0	0	0	0	0	0	0	1
AT3G52150.1	0	0	2	0	0	0	0	0	0	0
AT3G52580.1	4	3	4	0	0	0	0	0	2	0
AT3G53420.1	1	7	4	0	0	6	8	7	0	0
AT3G53460.4	0	1	2	0	0	0	0	0	0	0
AT3G53870.1	1	3	1	0	0	0	0	0	1	1
AT3G54210.1	0	0	2	0	0	0	0	0	0	0
AT3G54540.1	0	0	4	2	5	0	0	0	0	0
AT3G55220.1-AT3G55200.1	0	0	0	0	0	0	0	0	1	0
AT3G55360.1	0	0	0	0	0	7	11	8	0	0
AT3G56150.1	2	4	7	0	1	0	0	0	0	3
AT3G57150.1	0	0	3	0	0	3	10	5	23	6
AT3G57290.1	0	0	2	0	0	0	0	0	0	0
AT3G57660.1	0	0	0	0	0	0	0	0	4	0
AT3G58510.1	0	0	11	0	2	0	13	10	19	22
AT3G58570.1	0	0	10	0	0	0	13	12	19	20
AT3G58730.1	0	0	0	0	0	17	39	41	0	0
AT3G59090.2	0	0	0	0	0	0	1	0	0	0
AT3G59140.1	0	0	0	0	0	1	6	0	0	0
AT3G60190.1	0	0	0	0	0	0	4	6	3	0
AT3G60240.4	0	0	0	0	7	0	0	0	3	4
AT3G60750.1	0	0	2	0	0	0	0	0	0	0
AT3G61240.1	0	0	0	0	5	0	2	0	9	13
AT3G61430.1	0	6	1	0	0	4	6	8	12	9
AT3G62120.1	0	6	3	28	51	7	54	47	24	35
AT3G62380.1	0	0	0	0	0	0	0	0	2	4
AT3G62700.1	0	0	0	0	0	23	51	46	0	0
AT3G63160.1	0	0	2	0	0	0	0	0	0	0
AT3G63460.1	4	13	0	0	0	0	43	52	0	0
AT3G63490.1	0	0	0	0	0	0	3	0	0	0
AT4G00100.1	2	0	0	0	0	0	0	0	0	0
AT4G00430.1	0	6	1	0	0	4	8	9	12	10
AT4G00660.2	0	0	0	0	4	0	1	0	13	15
AT4G00750.1	0	0	0	0	0	0	1	0	0	0
AT4G00860.1	0	0	0	0	0	4	4	4	0	0
AT4G01290.1	0	0	0	0	2	0	0	0	0	0
AT4G01310.1	0	0	3	0	0	0	0	0	0	0
AT4G01470.1	0	0	0	0	0	1	2	0	0	0
AT4G01850.1	0	0	0	0	0	0	2	0	0	0
AT4G02290.1	0	0	0	0	0	2	11	7	14	11
AT4G02510.1	7	3	4	0	0	1	2	2	0	0
AT4G02620.1	0	0	0	0	0	4	21	14	0	0
AT4G04640.1	0	0	7	0	1	0	0	0	0	0
AT4G04910.1	0	0	0	0	0	4	7	6	0	0
AT4G04920.1	2	2	0	0	0	0	3	0	2	0
AT4G05180.1	0	0	2	0	3	1	3	3	2	0
AT4G10340.1	0	0	3	0	1	0	4	8	0	0
AT4G10480.1	0	0	0	0	0	1	3	6	3	2
AT4G10710.1	0	0	0	0	0	0	0	5	3	0
AT4G10790.1	0	0	0	0	0	1	0	0	0	0
AT4G11150.1	0	0	0	0	0	47	90	89	1	0
AT4G11220.1	0	0	0	0	0	0	1	1	0	0
AT4G11420.1	6	2	5	0	2	0	0	0	0	0
AT4G11740.1	0	0	0	0	0	0	5	0	0	0
AT4G12600.2	0	0	0	0	0	0	7	2	6	0
AT4G13670.1	8	0	0	0	0	0	0	0	0	0
AT4G13940.1	0	4	1	0	0	0	0	0	0	0
AT4G14960.2	0	0	0	0	0	6	5	4	5	7
AT4G15802.1	2	4	4	6	0	0	9	5	5	2
AT4G16720.1	0	0	0	0	0	0	2	0	0	0
AT4G17520.1	0	1	0	0	0	0	0	0	0	0
AT4G18030.1	0	0	0	0	0	0	2	0	0	0
AT4G18040.1	0	0	0	0	2	0	0	0	0	2
AT4G18130.1	0	0	0	0	0	0	3	6	0	0
AT4G20260.4	0	0	2	5	18	0	0	0	0	1
AT4G20360.1	14	5	13	8	29	0	3	5	4	4
AT4G20890.1	0	1	1	0	0	3	8	7	10	5
AT4G21150.1	0	0	0	0	0	5	5	8	1	0
AT4G21280.2	2	0	2	5	29	16	25	22	19	12
AT4G22010.1	0	0	1	0	0	0	8	7	22	20
AT4G22380.1	0	0	0	0	0	0	2	1	2	2
AT4G22485.1	0	0	0	0	1	0	0	0	0	0
AT4G23630.1	0	0	0	0	0	0	1	3	2	0
AT4G23640.1	0	0	0	0	0	0	2	4	0	0
AT4G23710.1	0	0	0	0	0	3	13	26	0	0
AT4G24190.1	0	3	0	4	5	8	28	52	14	33
AT4G24280.1	1	6	10	0	0	0	0	0	8	7
AT4G24770.1	1	0	0	0	0	0	0	0	0	0
AT4G25550.1	0	0	0	0	0	0	1	0	0	3
AT4G25630.1	0	0	0	0	0	5	11	6	13	7
AT4G26110.1	0	0	0	0	0	0	0	5	4	8
AT4G26600.1	0	0	0	0	0	0	0	0	2	0
AT4G26630.1	2	2	0	0	0	0	0	0	1	0
AT4G26780.1	4	10	3	0	0	0	0	0	0	0
AT4G26870.1	0	0	0	0	0	0	5	3	5	4
AT4G27090.1	0	0	0	0	0	0	0	0	1	0
AT4G27440.1	0	1	0	0	0	0	0	0	0	0
AT4G27585.1	0	0	0	0	0	0	3	5	0	0
AT4G27870.1	8	10	4	0	0	0	0	0	0	0
AT4G28080.1	3	2	0	0	0	0	0	0	0	0
AT4G28250.1	0	0	0	0	0	0	0	0	3	0
AT4G30190.2	0	3	2	0	0	5	22	20	4	5
AT4G31180.1	0	0	0	0	0	3	18	13	16	21
AT4G31700.1	0	3	3	0	0	1	2	0	3	3
AT4G32760.2	1	0	0	3	4	13	62	59	59	47
AT4G33625.1	0	0	0	0	0	4	6	6	0	0
AT4G33650.2	2	3	0	0	0	0	0	0	0	0
AT4G34110.1	0	0	0	0	0	0	2	0	1	0
AT4G34620.1	0	2	2	0	0	0	0	0	0	2
AT4G34980.1	0	0	0	0	0	4	12	9	11	12
AT4G35000.1	0	0	0	0	0	6	19	19	0	0
AT4G35090.1	0	2	0	0	0	4	4	4	0	0
AT4G35100.1	0	2	1	0	0	2	10	4	3	2
AT4G35570.1	0	0	0	0	0	1	1	0	0	0
AT4G35800.1	0	1	0	0	0	0	0	0	0	0
AT4G36130.1	0	0	2	0	0	0	0	1	4	2
AT4G37910.1	0	0	0	0	0	0	0	0	4	3
AT4G38350.2	0	0	0	0	0	0	7	0	0	0
AT4G38510.5	0	0	0	0	0	64	218	212	3	0
AT4G38680.1	0	0	0	0	0	0	4	0	6	6
AT4G38970.1	0	0	1	0	0	0	0	0	0	0
AT4G39080.1	0	0	0	0	0	62	121	114	0	0
AT4G39260.1	0	2	1	0	0	0	2	2	7	12
AT5G01530.1	0	3	2	0	3	3	4	6	0	0
AT5G01590.1	2	0	0	0	0	0	0	0	0	0
AT5G02490.1	2	12	14	0	1	9	30	29	37	43
AT5G02500.1	3	15	20	0	1	9	51	45	47	55
AT5G02530.1	0	0	3	0	0	0	4	3	6	5
AT5G02850.1	0	0	0	0	0	0	2	0	0	0
AT5G02870.1	0	0	3	0	0	0	1	0	0	2
AT5G03420.1	0	0	0	0	0	2	4	2	0	0
AT5G03740.1	0	0	0	0	0	1	3	4	9	3
AT5G04280.1	0	0	0	0	0	0	0	0	0	2
AT5G07030.1	0	0	0	0	0	1	0	0	0	0
AT5G07530.1	0	0	0	0	0	0	9	9	5	2
AT5G08180.1	0	0	0	0	0	0	3	0	0	0
AT5G08660.1	0	0	0	0	0	0	3	0	0	0
AT5G08670.1	0	0	0	0	0	1	3	5	0	0
AT5G09590.1	0	0	0	0	0	0	0	0	3	3
AT5G09810.1	1	3	3	0	0	4	4	5	7	5
AT5G10360.1	0	2	4	0	0	1	2	0	1	1
AT5G12250.1	0	0	4	0	0	0	4	3	13	9
AT5G13300.1	0	0	0	0	0	0	2	0	0	0
AT5G13490.1	0	3	2	0	0	4	2	5	3	3
AT5G13510.1	0	0	3	0	0	0	0	0	0	0
AT5G13850.1	0	0	0	0	0	0	0	0	2	3
AT5G14320.1	0	1	0	0	0	0	0	0	0	0
AT5G14660.1	0	0	2	0	0	0	2	2	2	0
AT5G15090.1	0	0	0	0	0	0	9	11	0	0
AT5G16780.1	0	0	0	0	0	0	5	0	26	4
AT5G17170.1	0	0	1	0	2	0	0	0	0	0
AT5G17910.1	1	3	0	0	0	0	0	0	0	0
AT5G17920.1	0	1	5	0	0	0	1	0	0	0
AT5G18380.1	0	0	1	0	0	0	0	0	0	0
AT5G19300.1	0	0	0	0	0	0	4	0	12	2
AT5G19770.1-AT5G19780.1	0	0	0	0	0	6	5	4	5	6
AT5G20010.1	0	1	0	0	0	0	0	0	0	0
AT5G20160.2	0	0	0	0	0	0	6	3	6	2
AT5G20290.1	1	3	3	0	0	0	0	0	0	0
AT5G20630.1	0	0	0	0	0	0	1	0	0	0
AT5G20650.1	0	0	0	0	0	10	7	9	0	0
AT5G20970.1	0	0	0	0	0	0	1	0	0	0
AT5G22650.1	0	0	0	0	0	4	9	13	16	8
AT5G23060.1	0	1	4	0	10	0	0	0	0	0
AT5G23610.2	0	1	0	0	0	0	10	4	0	0
AT5G23860.1	0	0	3	0	0	0	6	9	14	12
AT5G24490.1	0	0	0	0	3	0	0	0	0	0
AT5G24770.1	0	0	0	0	0	1	0	1	0	0
AT5G24780.1	0	0	0	0	0	3	2	3	2	2
AT5G25754.1-AT5G25757.1	0	0	2	1	0	0	0	0	0	0
AT5G25980.2	6	7	6	0	0	40	114	117	119	111
AT5G26000.1	3	3	5	0	0	11	34	36	26	22
AT5G26742.2	10	6	11	0	1	5	13	16	26	23
AT5G27120.1	0	0	0	0	0	0	3	4	6	2
AT5G27640.2	2	0	0	0	0	0	0	0	0	0
AT5G27770.1	0	0	0	0	1	0	0	0	0	0
AT5G28540.1	1	4	5	0	0	5	24	22	26	21
AT5G30510.1	0	0	2	0	0	0	0	0	0	0
AT5G35530.1	1	2	1	0	0	0	0	0	1	1
AT5G35840.1	0	0	0	0	0	0	4	12	0	0
AT5G37475.1	10	0	0	4	0	22	40	47	0	0
AT5G37720.1	0	0	0	0	0	0	2	3	0	1
AT5G38410.3	1	0	6	0	1	2	0	0	0	0
AT5G38430.1	1	0	6	0	1	2	0	0	0	0
AT5G39590.1	0	0	0	0	0	0	3	0	0	0
AT5G39730.1	0	0	0	0	0	0	11	17	16	12
AT5G39740.1	0	0	0	0	0	0	2	0	0	0
AT5G40670.1	0	0	0	0	0	0	2	0	0	0
AT5G40770.1	0	0	0	0	0	3	10	11	0	0
AT5G40890.1	0	0	0	0	0	3	7	4	0	0
AT5G40950.1	2	0	1	0	0	0	0	0	0	0
AT5G41790.1	2	32	10	16	2	16	58	56	32	21
AT5G42020.1	1	4	5	0	0	5	23	24	26	22
AT5G42080.1	6	3	2	0	0	2	9	9	18	5
AT5G43630.1	0	0	0	0	0	0	0	2	0	0
AT5G43960.1	0	0	0	0	0	0	0	0	7	10
AT5G44340.1	0	1	1	0	0	3	8	7	10	5
AT5G45900.1	3	9	0	0	0	1	40	28	0	0
AT5G47190.1	0	0	1	0	0	0	0	0	0	0
AT5G47210.1	0	3	0	0	0	1	0	0	0	4
AT5G48375.1	0	0	0	0	0	0	7	5	0	0
AT5G48650.1	0	0	0	0	0	0	0	0	6	6
AT5G48960.1	0	3	0	0	0	0	19	10	0	0
AT5G49730.1	0	0	0	0	1	0	0	0	0	0
AT5G49910.1	1	8	10	0	0	0	0	0	8	5
AT5G50310.1	0	0	2	0	0	0	0	0	6	1
AT5G50370.1	0	0	0	0	0	1	8	6	0	0
AT5G50920.1	0	0	5	0	0	0	0	0	0	0
AT5G51570.1	0	0	0	0	0	0	5	3	0	0
AT5G51750.1	0	0	0	0	0	0	3	0	4	0
AT5G52450.1	0	0	0	0	0	0	2	0	0	0
AT5G52470.1	0	0	0	0	0	5	12	8	13	8
AT5G55660.1	0	0	0	0	0	0	0	0	3	0
AT5G55670.1	0	0	0	0	0	0	0	0	0	2
AT5G55920.1	0	0	0	0	0	0	0	0	4	0
AT5G56010.1	0	0	1	0	0	0	0	0	0	0
AT5G56500.1	0	0	4	0	0	0	0	0	4	3
AT5G57110.1	0	0	0	0	0	0	1	0	0	0
AT5G57120.1	0	0	0	0	0	0	0	0	2	0
AT5G57350.1	0	3	2	0	0	1	7	10	3	3
AT5G57830.1	0	0	0	0	0	0	1	0	0	0
AT5G58710.1	0	0	0	0	0	0	4	0	0	0
AT5G60660.1	0	2	2	0	0	0	2	0	0	0
AT5G60790.1	0	0	0	0	0	0	0	0	1	1
AT5G60980.2	0	0	0	0	0	0	0	0	3	4
AT5G61020.1	0	0	0	0	0	0	0	0	0	1
AT5G61780.1	0	0	0	3	0	0	0	0	0	0
AT5G62190.1	0	0	0	0	0	0	4	0	13	0
AT5G62390.1	0	0	0	0	0	10	25	35	23	21
AT5G62670.1	0	2	0	0	0	4	17	16	5	3
AT5G62690.1-AT5G62700.1	0	1	4	0	0	5	14	14	23	20
AT5G62740.1	0	0	0	0	0	3	17	13	0	0
AT5G62750.1	0	0	0	0	0	0	2	0	2	0
AT5G62810.1	0	0	0	0	0	0	2	2	0	0
AT5G63120.2	0	0	0	0	0	0	0	0	2	0
AT5G63400.1	0	0	0	0	0	1	4	6	0	0
AT5G63640.1	0	0	0	0	0	0	3	4	2	3
AT5G64040.2	0	4	3	0	0	0	0	0	0	0
AT5G64260.1	0	0	0	0	0	0	0	0	3	0
AT5G66190.1	0	3	4	0	0	0	0	0	0	0
AT5G66570.1	0	0	0	0	0	4	7	13	0	0
AT5G66680.1	0	0	0	0	0	6	8	13	0	0
AT5G67500.2	0	0	0	0	0	0	4	13	0	0
AT5G67630.1	0	0	0	0	0	0	0	0	0	1
ATCG00020.1	0	0	0	0	0	6	4	7	0	0
ATCG00120.1	5	3	15	0	0	0	0	0	0	0
ATCG00160.1	0	0	2	0	0	0	0	0	0	0
ATCG00180.1	0	0	2	0	0	0	0	0	0	0
ATCG00190.1	0	0	1	0	0	0	0	0	0	0
ATCG00270.1	0	0	2	0	0	6	11	16	0	1
ATCG00280.1	1	2	6	0	0	13	16	25	0	0
ATCG00380.1	0	0	2	0	0	0	0	0	0	0
ATCG00480.1	2	0	10	0	1	0	0	0	0	0
ATCG00490.1	5	0	30	0	0	18	14	20	2	9
ATCG00580.1	0	0	0	0	0	2	3	0	0	0
ATCG00680.1	0	0	1	0	0	13	16	28	0	0
ATCG00750.1	1	2	2	0	0	0	0	0	0	0
ATCG00760.1	2	0	0	0	0	0	0	0	0	0
ATCG00770.1	0	2	4	0	0	0	0	0	0	0
ATCG00780.1	0	0	3	0	0	0	0	0	0	0
ATCG00790.1	0	0	2	0	0	0	0	0	0	0
ATCG00800.1	0	2	3	0	0	0	0	0	0	0
ATCG00830.1-ATCG01310.1	2	0	3	0	0	0	0	0	0	0
ATCG01240.1-ATCG00900.1	1	0	5	0	0	0	0	0	0	0
ATMG00070.1	0	0	0	0	0	0	2	3	0	0
ATMG00160.1	0	0	0	0	0	0	1	4	0	0